1 0 0 0 0 
0 1 0 0 0 
0 0 1 0 0 
0 0 0 1 0 
0 0 0 0 1 
0.205121 0.205101 0.188857 0.202535 0.198386 
0.00733963 0.00917969 0.548588 0.430645 0.00424785 
0.0062826 0.0218362 0.405882 0.00625532 0.559743 
0.380127 0.0200321 0.0103775 0.00136451 0.588099 
0.431757 0.0338035 0.533987 0.000196412 0.0002555 
0.0224804 0.497152 0.467611 0.011971 0.000785271 
0.00158815 0.0283781 0.00807958 0.546455 0.415499 
0.00453562 0.619708 0.0099609 0.0131082 0.352687 
0.559215 0.00439112 0.000149073 0.392258 0.0439866 
0.585355 0.351794 0.0122532 0.00275528 0.0478429 
0.00728822 0.415113 0.0203991 0.540331 0.0168694 
0.179789 0.0149678 0.162726 0.605502 0.0370156 
0.216913 0.588998 0.000655818 0.179806 0.0136267 
0.0078311 0.258438 0.0330527 0.15115 0.549529 
0.0325561 0.080394 0.64203 0.0370098 0.208011 
0.657817 0.00791167 0.0579437 0.0125378 0.263789 
0.000829101 0.331846 0.342417 0.000945121 0.323963 
0.000390306 0.00600175 0.34402 0.337811 0.311777 
0.00219775 0.331847 0.324712 0.338028 0.00321485 
0.303896 0.000422902 0.368843 0.0198825 0.306956 
0.340165 0.329501 0.322029 0.00737792 0.000926536 
0.396354 0.017791 0.299963 0.282484 0.00340847 
0.276045 0.342164 0.00740577 0.00257374 0.371812 
0.24148 0.014719 0.0213788 0.292295 0.430127 
0.309419 0.264996 0.000382873 0.402207 0.0229948 
0.00397127 0.311978 0.0112347 0.373274 0.299542 
0.0566993 0.729097 0.192371 0.00704219 0.0147909 
0.622621 0.0890754 0.263065 0.00979653 0.0154424 
0.186479 0.152975 0.463152 0.187292 0.0101027 
0.117837 0.0218345 0.0418323 0.0959193 0.722577 
0.00639018 0.12131 7.10412e-005 0.74588 0.126349 
0.444722 0.147385 0.0118454 0.17662 0.219427 
0.0293673 0.495061 0.176455 0.132259 0.166858 
0.185901 0.144786 0.178093 0.0035998 0.487621 
0.314643 0.012372 0.00385683 0.470537 0.198591 
0.00113257 0.0249706 0.135497 0.284192 0.554208 
0.00798515 0.275568 0.634748 0.0735242 0.00817503 
0.0238387 0.157045 0.191689 0.454424 0.173003 
0.74849 0.0219731 0.0421816 0.14982 0.0375353 
0.350629 0.363639 0.0706615 0.146886 0.0681838 
0.0742476 0.00301851 0.690973 0.210718 0.0210431 
0.408448 0.153361 0.232259 0.0354043 0.170527 
0.166689 0.0493114 0.343721 0.394567 0.0457114 
0.0155825 0.161927 0.252813 0.16824 0.401437 
0.135486 0.400274 0.105748 0.30848 0.0500112 
0.234156 0.0549643 0.703372 0.000881283 0.00662623 
0.203945 0.212169 0.386393 0.0164622 0.181031 
0.00138703 0.171865 0.439448 0.164333 0.222967 
0.000789366 0.641229 0.000390642 0.304195 0.0533959 
0.216072 0.528062 0.218488 0.0342224 0.00315645 
0.361062 0.0332907 0.137109 0.0938729 0.374666 
0.560576 0.189005 0.0232223 0.219844 0.00735194 
0.0345344 0.40414 0.11276 0.066224 0.382342 
0.214551 0.390354 0.182296 0.00964473 0.203153 
0.183958 0.0259572 0.37928 0.206585 0.204219 
0.166611 0.2511 0.00188873 0.206854 0.373547 
0.143604 0.173336 0.00564335 0.54909 0.128327 
0.132052 0.360656 0.336688 0.132823 0.0377811 
0.305354 0.00124951 0.165675 0.285994 0.241728 
0.1545 0.611177 0.0570146 0.00980302 0.167505 
0.108878 0.00847873 0.146602 0.407948 0.328093 
0.00662076 0.00252497 0.494506 0.12405 0.372299 
0.27423 0.190726 0.205335 0.320667 0.00904103 
0.00313396 0.0395499 0.300575 0.656669 7.18995e-005 
0.179632 0.435135 0.00936178 0.154944 0.220927 
0.370127 0.0200698 0.12835 0.472018 0.00943568 
0.419991 0.51963 0.0413974 0.00481477 0.0141663 
0.00502665 0.296617 0.216708 0.255855 0.225794 
0.163896 0.00237105 0.210807 0.186801 0.436125 
0.235538 0.0433759 0.534649 0.00606835 0.180368 
0.0186785 0.126575 0.199559 0.0248 0.630388 
0.500296 0.000651313 0.128055 0.238093 0.132905 
0.246672 0.177632 0.0129055 0.341162 0.221628 
0.490101 0.103471 0.00227472 0.00215199 0.402001 
0.378121 0.126499 0.37455 0.106214 0.0146166 
0.414725 0.297586 0.0660212 0.00983043 0.211838 
0.120251 0.1121 0.38949 0.0194897 0.358669 
0.445219 0.217429 0.190378 0.14339 0.00358351 
0.683465 0.165349 0.0393207 0.0169976 0.0948681 
0.0310194 0.0919085 0.787783 0.0358749 0.0534137 
0.12774 0.00776917 0.000362355 0.607172 0.256956 
0.012137 0.761221 0.0312048 0.0723752 0.123062 
0.0242471 0.00124143 0.520092 0.254417 0.200003 
0.0122692 0.497542 0.00514384 0.268222 0.216823 
0.026472 0.228667 0.117712 0.605868 0.0212805 
0.00348157 0.348681 0.466471 0.0238976 0.157469 
0.499902 0.00272224 0.367014 0.0125125 0.11785 
0.198603 0.158808 0.0127998 0.0164599 0.613329 
0.166584 0.298589 0.522191 0.00299585 0.00964003 
0.0114244 0.144596 0.404241 0.331442 0.108296 
0.0778358 0.117747 0.0044002 0.364481 0.435536 
0.270795 0.222409 0.169462 0.0325446 0.304788 
0.186213 0.0417425 0.0208704 0.747176 0.00399781 
0.0105738 0.0224153 0.340206 0.480152 0.146653 
0.294675 0.160914 0.0119762 0.0840068 0.448428 
0.0249781 0.497034 0.234483 0.238429 0.00507597 
0.0143552 0.294318 0.479881 0.201116 0.0103294 
0.0619574 0.378453 0.00546826 0.00128966 0.552832 
0.204986 0.0797134 0.157298 0.436848 0.121154 
0.412148 0.113167 0.0394468 0.33757 0.097668 
0.116321 0.24271 0.197616 0.42655 0.016802 
0.220583 0.00254686 0.0589312 0.151887 0.566053 
0.0295385 0.0618817 0.135846 0.620859 0.151875 
0.305186 0.282984 0.0011066 0.172937 0.237787 
0.0857464 0.17176 0.131936 0.311499 0.299058 
0.104214 0.27779 0.221193 0.0960135 0.300789 
0.00364899 0.167994 0.0343471 0.502666 0.291345 
0.301904 0.000532533 0.461695 0.215837 0.0200318 
0.349431 0.0289581 0.310735 0.145901 0.164975 
0.38419 0.0133512 0.000167425 0.305252 0.297039 
0.00865294 0.657538 0.145467 0.172409 0.0159332 
0.313706 0.467208 0.0407264 0.00840965 0.16995 
0.00633601 0.371334 0.000403226 0.223325 0.398601 
0.517232 0.0109141 0.181577 0.00170295 0.288575 
0.0503069 0.577525 0.309927 0.00186703 0.0603736 
0.27676 0.0854325 0.0117007 0.590638 0.0354695 
0.277514 0.302033 0.237393 0.172088 0.0109718 
0.0116224 0.0348518 0.265206 0.150407 0.537912 
0.146927 0.206552 0.316306 0.258158 0.0720566 
0.546503 0.174396 0.0141575 0.0240967 0.240847 
0.144257 0.2973 0.018605 0.399996 0.139842 
0.0607221 0.448924 0.295746 0.000856208 0.193751 
0.199826 0.0265453 0.586105 0.129567 0.0579566 
0.238277 0.0799416 0.254947 0.123924 0.302911 
0.285949 0.1583 0.526533 0.0104184 0.0187999 
0.549583 0.00378757 0.0203994 0.162383 0.263848 
0.359819 0.141119 0.160317 0.210191 0.128554 
0.0534189 0.178211 0.0209583 0.0236502 0.723761 
0.183293 0.728625 0.00718919 0.0658683 0.0150238 
0.0878028 0.135012 0.106764 0.196782 0.473639 
0.0134345 0.278681 0.235974 0.0109132 0.460997 
0.544891 0.11569 0.134652 0.108923 0.0958426 
0.0536157 0.133427 0.297144 0.509051 0.00676232 
0.127602 0.0795113 0.265192 0.323124 0.204572 
0.259874 0.12843 0.0874063 0.211644 0.312646 
0.0232561 0.483129 0.0147106 0.392027 0.0868781 
0.518885 0.263336 0.150423 0.000239267 0.0671161 
0.187795 0.0123815 0.304625 0.0397925 0.455406 
0.00202116 0.34254 0.329132 0.127878 0.198429 
0.0641113 0.609081 0.0191536 0.16762 0.140034 
0.00925094 0.322058 0.143965 0.387971 0.136756 
0.176832 0.36393 0.149405 0.169035 0.140798 
0.262148 0.272428 0.0827607 0.271649 0.111014 
0.0834887 0.0579263 0.000102364 0.245935 0.612548 
0.00906707 0.00707154 0.0228158 0.102881 0.858164 
0.00219733 0.223429 0.498777 0.00153737 0.27406 
0.274428 0.419067 0.00154448 0.272789 0.032172 
0.179257 0.30475 0.000845506 0.509786 0.0053614 
0.13685 0.277794 0.0871642 0.0600505 0.438142 
0.0976268 0.0270709 0.349246 0.16439 0.361667 
0.0396703 0.121498 0.57192 0.225012 0.0419 
0.142564 0.474361 0.0127984 0.0138477 0.356429 
0.605736 0.0150948 0.170956 0.198773 0.00944005 
0.431379 0.28657 0.00192541 0.276937 0.00318808 
0.14064 0.16239 0.574133 0.0262583 0.0965784 
0.344036 0.301831 0.200735 0.0322665 0.121132 
0.0115305 0.528205 0.161145 0.000549661 0.29857 
0.0886661 0.338711 0.0742549 0.251898 0.24647 
0.154456 0.104169 0.0112414 0.452043 0.278092 
0.27196 0.0163647 0.289791 0.301439 0.120444 
0.72141 0.0324132 0.137605 0.000207223 0.108365 
0.422889 0.000403134 0.00446535 0.168759 0.403483 
0.104378 0.0509394 0.502709 0.0964805 0.245493 
0.36645 0.43643 0.17859 0.00795794 0.0105721 
0.0134707 0.0729811 0.195306 0.319301 0.398942 
0.0465965 0.0598676 0.0310287 0.853028 0.0094793 
0.0816129 0.171018 0.298187 0.197242 0.251941 
0.823529 0.142643 0.0209705 0.00324881 0.0096088 
0.0135 0.272888 0.130914 0.191987 0.390711 
0.271507 0.188828 0.295672 0.132961 0.111033 
0.507955 0.0578435 0.298347 0.123232 0.0126227 
0.152258 0.514076 0.133822 0.189384 0.0104613 
0.496787 0.327772 0.0421178 0.129424 0.00390014 
0.359549 0.0748807 0.390263 0.00183453 0.173473 
0.136863 0.0249044 0.47142 0.272925 0.0938878 
0.419896 0.149562 0.109173 0.0422633 0.279105 
0.603321 0.0637344 0.0241248 0.204996 0.103824 
0.150173 0.0335816 0.169302 0.0136082 0.633336 
0.486212 0.170259 0.325821 0.00172486 0.0159825 
0.193663 0.312371 0.0868989 0.115102 0.291965 
0.209858 0.407966 0.304232 0.00554061 0.0724039 
0.413196 0.00125199 0.183469 0.156947 0.245137 
0.440939 0.106343 0.170483 0.282038 0.000197183 
0.0289463 0.296458 0.00676259 0.513762 0.154071 
0.135894 0.239605 0.155735 0.329026 0.139739 
0.292299 0.13396 0.334842 0.237198 0.00170128 
0.10223 0.2419 0.443058 0.100805 0.112008 
0.00413954 0.489642 0.358401 0.137109 0.0107086 
0.0153031 0.261618 0.122882 0.0126617 0.587535 
0.0197414 0.14042 0.333441 0.0398557 0.466543 
0.234887 0.246587 0.410838 0.0790264 0.0286617 
0.371585 0.0130171 0.171113 0.3394 0.104885 
0.035739 0.0175815 0.202387 0.504598 0.239694 
0.304449 0.0377294 0.165206 0.00337118 0.489245 
0.0605546 0.0196163 0.124005 0.737021 0.0588029 
0.0151908 0.442529 0.15505 0.37705 0.0101806 
0.268733 0.0635071 0.429626 0.118911 0.119223 
0.0482548 0.0650293 0.11778 0.145064 0.623872 
0.263231 0.151888 0.0956594 0.480344 0.0088779 
0.00206547 0.170826 0.27663 0.330981 0.219497 
0.434707 0.232642 0.0733308 0.154054 0.105267 
0.387243 0.223188 0.0117991 0.00100234 0.376768 
0.143138 0.270545 0.288655 0.128735 0.168927 
0.111316 0.00150821 0.35652 0.525691 0.00496485 
0.312166 0.614151 0.0040134 0.00705959 0.0626103 
0.0184555 0.415647 0.171205 0.267068 0.127624 
0.00403039 0.257426 0.348067 0.245272 0.145205 
0.0622485 0.514368 0.000101171 0.125747 0.297535 
0.150702 0.314889 0.227863 0.296257 0.0102888 
0.290191 0.501046 0.0856993 0.118941 0.00412269 
0.172206 0.169046 0.163822 0.112511 0.382415 
0.230091 0.164403 0.302962 0.000297616 0.302247 
0.131309 0.493273 0.00677361 0.246709 0.121936 
0.464785 0.398448 0.00156073 0.00414562 0.131061 
0.0701584 0.21615 0.00434122 0.696115 0.013236 
0.134977 0.423598 0.0123348 0.427508 0.00158215 
0.140895 0.14884 0.159939 0.542043 0.00828275 
0.289944 0.0482974 0.236122 0.40272 0.0229169 
0.252269 0.0047293 0.010528 0.403149 0.329324 
0.123956 0.000982484 0.259078 0.280189 0.335794 
0.140799 0.204222 0.00654392 0.124106 0.524329 
0.374797 0.0756272 0.235792 0.0197585 0.294026 
0.0109977 0.043596 0.573493 0.00353209 0.368381 
0.384489 0.134679 0.0133718 0.455742 0.0117185 
0.103988 0.0112008 0.712024 0.0519981 0.120788 
0.00145064 0.406032 0.148164 0.170991 0.273362 
0.248398 0.14128 0.139953 0.313377 0.156993 
0.104746 0.448246 0.112669 0.079995 0.254344 
0.116601 0.217049 0.000462891 0.350825 0.315062 
0.0708338 0.615833 0.154344 0.0524194 0.106569 
0.131434 0.408332 0.423562 0.0197056 0.0169657 
0.00736357 0.155794 0.0089141 0.624368 0.20356 
0.0815469 0.220779 0.354731 0.0603329 0.282611 
0.00334473 0.0798124 0.422764 0.452472 0.0416065 
0.0748379 0.0110649 0.39482 0.337498 0.181779 
0.315511 0.245244 0.128045 0.112706 0.198494 
0.0235467 0.215957 0.299429 0.394148 0.0669192 
0.231812 0.00322331 0.0168874 0.593158 0.154919 
0.116039 0.00160597 0.131463 0.308436 0.442455 
0.0132794 0.00601171 0.213686 0.0627605 0.704262 
0.112913 0.380334 0.00191095 0.12405 0.380792 
0.0200484 0.0162372 0.0183672 0.367077 0.57827 
0.0989565 0.0210933 0.293047 0.0131676 0.573735 
0.117868 0.485778 0.266507 0.129761 8.47111e-005 
0.565982 0.239308 0.0168293 0.0794278 0.0984533 
0.199106 0.0822734 0.101636 0.345874 0.271111 
0.364267 0.245681 0.124079 0.260255 0.00571867 
0.036236 0.149728 0.655398 0.0830199 0.0756177 
0.214621 0.088229 0.394751 0.0648579 0.237541 
0.206148 0.33795 8.61713e-005 0.262843 0.192973 
0.242003 0.541422 0.114768 0.00607417 0.0957335 
0.418011 0.000467143 0.0129463 0.539858 0.0287173 
0.00648225 0.708257 0.0474395 0.00146134 0.23636 
0.35029 0.204871 0.35106 0.0116911 0.0820877 
0.620902 0.0021158 0.206645 0.0709467 0.0993906 
0.0202389 0.028476 0.625614 0.171938 0.153733 
0.0215581 0.210811 0.0225916 0.277137 0.467902 
0.363874 0.162119 0.0144069 0.129011 0.33059 
0.162013 0.00411129 0.480304 0.016961 0.336611 
0.0498716 0.351817 0.511398 0.0745973 0.0123162 
0.0219346 0.174886 0.190636 0.096252 0.516292 
0.0819089 0.151181 0.464895 0.29702 0.00499616 
0.138974 0.349333 0.162734 0.0028538 0.346105 
0.166348 0.106364 0.196341 0.237112 0.293835 
0.464514 0.0137168 0.425275 0.0834635 0.0130308 
0.0736214 0.317099 0.101653 0.488096 0.0195298 
0.0794784 0.0101285 0.430119 0.0418549 0.438419 
0.633108 0.18869 0.15134 0.00130015 0.025561 
0.442291 0.0742813 0.222527 0.138503 0.122398 
0.142885 0.052065 0.0955642 0.526899 0.182587 
0.107115 0.318332 0.375483 0.0225588 0.176511 
0.270157 0.371061 0.0730423 0.0959713 0.189768 
0.549019 0.00570981 0.11612 0.31701 0.0121413 
0.0241781 0.401023 0.228348 0.0570674 0.289383 
0.126693 0.14357 0.400698 0.191801 0.137239 
0.0659077 0.00457313 0.0852639 0.530583 0.313673 
0.137356 0.00517865 0.26676 0.466293 0.124413 
0.045413 0.386838 0.0237712 0.361409 0.182569 
0.00181139 0.188212 0.0687277 0.382979 0.35827 
0.286127 0.127878 0.0524183 0.413233 0.120344 
0.238448 0.272506 0.262102 0.0319741 0.19497 
0.437606 0.00652537 0.109596 0.00452083 0.441752 
0.00402634 0.221977 0.534275 0.137419 0.102303 
0.272447 0.0115191 0.121283 0.210171 0.384579 
0.00591365 0.088663 0.376723 0.23043 0.29827 
0.010676 0.0415601 0.633027 0.312482 0.00225438 
0.115633 0.219042 0.264814 0.00803847 0.392473 
0.0174054 0.474996 0.0471904 0.00197289 0.458435 
0.137393 0.493703 0.17546 0.0458235 0.14762 
0.133566 0.0664342 0.161336 0.113183 0.525481 
0.0401739 0.37445 0.284235 0.226392 0.0747489 
0.261605 0.412725 0.183656 0.0794618 0.0625523 
0.172153 0.149213 0.239039 0.369972 0.069624 
0.25264 0.0836646 0.262598 0.208865 0.192232 
0.149199 0.623661 0.118447 0.106048 0.0026445 
0.272237 0.0214771 0.373108 0.323205 0.00997286 
0.231516 0.495403 0.0186575 0.147101 0.107323 
0.327956 0.0335399 0.0461799 0.0892023 0.503122 
0.204307 0.127024 0.0409979 0.18541 0.442262 
0.00680036 0.604152 0.0571991 0.0952656 0.236583 
0.322794 0.0248388 0.521598 0.0779637 0.052806 
0.106062 0.200826 0.0771953 0.401366 0.214551 
0.0621691 0.0115686 0.05536 0.433444 0.437458 
0.44556 0.00334497 0.305829 0.0118192 0.233447 
0.00267961 0.539813 0.0816848 0.283272 0.0925505 
0.0450144 0.26693 0.572048 0.0104431 0.105565 
0.101027 0.0279695 0.0183812 0.694293 0.15833 
0.245785 0.414939 0.136661 0.201222 0.00139304 
0.400213 0.00410799 0.059857 0.351485 0.184337 
0.205384 0.289829 0.0857521 0.37924 0.0397951 
0.137015 0.263691 0.399976 0.196511 0.00280636 
0.370087 0.0780904 0.0868657 0.240776 0.22418 
0.28921 0.178005 0.114393 0.00144257 0.416949 
0.197613 0.121581 0.00666269 0.317389 0.356755 
0.0155687 0.591476 0.247633 0.113426 0.0318963 
0.247157 0.0264586 0.0766972 0.0301853 0.619502 
0.6233 0.0945142 0.00651194 0.0981989 0.177475 
0.477083 0.0220674 0.0934396 0.0925514 0.314859 
0.0339537 0.0690683 0.238443 0.377588 0.280948 
0.00545415 0.0461071 0.528043 0.325053 0.0953425 
0.0294803 0.140502 0.107947 0.711759 0.0103127 
0.00021729 0.0793179 0.253263 0.576949 0.0902524 
0.49957 0.172074 0.131521 0.0200215 0.176813 
0.208911 0.00835995 0.199251 0.369911 0.213567 
0.003594 0.220055 0.391904 0.00312489 0.381322 
0.118468 0.132125 0.28469 0.106817 0.357899 
0.178685 0.23716 0.0786898 0.267779 0.237687 
0.377687 0.219396 0.00944891 0.249192 0.144276 
0.687369 0.0944078 0.10871 0.0823322 0.0271809 
0.302726 0.0351959 0.268598 0.00103373 0.392447 
0.123992 0.15613 0.484388 0.0286538 0.206836 
1.68904e-005 0.312995 0.021195 0.623374 0.042419 
0.107366 0.079984 0.547183 0.137679 0.127788 
0.133578 0.388398 0.259237 0.0727799 0.146007 
0.296099 0.132795 0.28884 0.0708109 0.211455 
0.272144 0.253194 0.010867 0.109864 0.353931 
0.0273151 0.108876 0.429023 0.101662 0.333124 
0.245369 0.0629272 0.191599 0.0869561 0.413149 
0.0137109 0.202422 0.0924645 0.546363 0.14504 
0.0263928 0.00775348 0.302356 0.254096 0.409402 
0.116649 0.296607 0.222494 0.231855 0.132395 
0.0027754 0.193416 0.220462 0.265863 0.317484 
0.228176 0.306464 0.294364 0.0895242 0.0814715 
0.0636062 0.155965 0.0115075 0.153509 0.615413 
0.246542 0.423165 0.0566077 0.00040743 0.273278 
0.104535 0.242841 0.163865 0.207952 0.280806 
0.445937 0.292113 0.252387 0.00754468 0.00201853 
0.32841 0.106824 0.168715 0.12689 0.269161 
0.0338853 0.784333 0.0670556 0.108969 0.00575699 
0.00205618 0.460008 0.294202 0.105393 0.138341 
0.593904 0.0479676 0.145823 0.0163103 0.195995 
0.00456862 0.0824347 0.127363 0.45662 0.329013 
0.659026 0.262635 0.0440879 0.0313915 0.00285897 
0.115855 0.0111346 0.530465 0.340742 0.0018041 
0.427805 0.351654 0.123361 0.0430552 0.0541253 
0.0137536 0.375666 0.00242462 0.124383 0.483772 
0.0289638 0.0144036 0.833639 0.117652 0.00534173 
0.427427 0.428047 0.00533936 0.111528 0.0276586 
0.0349973 0.00131966 0.119446 0.0343023 0.809934 
0.407887 0.0251324 0.345085 0.16781 0.0540855 
0.18455 0.0381608 0.256754 0.509195 0.0113409 
0.0234187 0.328856 0.214189 0.404545 0.0289915 
0.509759 0.109122 0.242804 0.0356784 0.102638 
0.34794 0.251106 0.173216 0.146489 0.0812484 
0.0107372 0.457179 0.410362 0.00301687 0.118705 
0.00583764 0.273945 0.113952 0.304218 0.302047 
0.333351 0.112108 0.137254 0.370397 0.0468905 
0.29905 0.00649375 0.118931 0.424483 0.151042 
0.473848 0.132591 0.0959762 0.217498 0.0800866 
0.563197 0.0366634 0.369553 0.0263332 0.00425353 
0.124961 0.00635186 0.601652 0.0286594 0.238376 
0.0258097 0.361827 0.397235 0.137476 0.0776521 
0.0248978 0.289935 0.24857 0.317933 0.118665 
0.0565872 0.366216 0.221249 0.16422 0.191728 
0.302403 0.313493 0.0883585 0.0198649 0.275881 
0.00582531 0.2619 0.289286 0.097842 0.345147 
0.361405 0.167285 0.227009 0.22184 0.0224614 
0.213497 0.0788584 0.365886 0.252048 0.0897097 
0.143677 0.0252682 0.0624217 0.245014 0.523619 
0.313389 0.0764695 0.00761773 0.223706 0.378818 
0.125717 0.337036 0.270066 0.00223275 0.264949 
0.365891 0.225492 0.294219 0.103086 0.0113126 
0.19754 0.0259145 0.353873 0.0778238 0.344849 
0.181889 0.169369 0.289227 0.11958 0.239935 
0.302431 0.188116 0.0840689 0.222761 0.202622 
0.22612 0.239931 0.214983 0.234695 0.0842711 
0.377221 0.114333 0.0516155 0.00840167 0.448429 
0.557869 0.00271379 0.123204 0.135229 0.180985 
0.116555 0.155789 0.355746 0.350756 0.0211533 
0.504306 0.104604 0.0248732 0.363956 0.00226103 
0.427285 0.01769 0.0351954 0.428537 0.0912927 
0.147337 0.385958 0.227914 0.190246 0.0485458 
0.187195 0.500829 0.0541033 0.05154 0.206332 
9.43002e-005 0.0086591 0.397288 0.556102 0.0378565 
0.0140629 0.183261 0.200408 0.534778 0.0674899 
0.561607 0.0125451 0.0773984 0.00287002 0.345579 
0.039901 0.243941 0.38736 0.294037 0.0347609 
0.235363 0.142117 0.472483 0.0201896 0.129848 
0.0617417 0.344578 0.126415 0.000452677 0.466812 
0.548866 0.240723 0.113778 0.0946922 0.00194105 
0.101875 0.09526 0.147631 0.425547 0.229687 
0.134061 0.134788 0.0259454 0.645138 0.0600675 
0.222509 0.000934761 0.269877 0.218445 0.288235 
0.440594 0.101929 0.121198 0.142748 0.193531 
7.40543e-005 0.106367 0.187994 0.211119 0.494447 
0.0999908 0.164316 0.12593 0.0431374 0.566625 
0.0887454 0.00554082 0.424213 0.212936 0.268565 
0.0107481 0.0495462 0.36362 0.119308 0.456777 
0.256217 0.123394 0.0848787 0.00889592 0.526615 
0.0548071 0.100509 0.316231 0.398177 0.130276 
0.0969526 0.43105 0.0995344 0.188856 0.183607 
0.641322 0.147809 0.0152194 0.131696 0.0639539 
0.0978506 0.557006 0.0722456 0.00958828 0.263309 
0.399723 0.344723 0.000816596 0.107472 0.147266 
0.258444 0.318484 0.131821 0.28363 0.00762152 
0.17914 0.601706 0.014096 0.103344 0.101714 
0.0211636 0.554838 0.224883 0.00293977 0.196176 
0.369694 0.00883769 0.223992 0.240387 0.157088 
0.21281 0.231907 0.0259585 0.0136999 0.515624 
0.142854 0.0640998 0.548988 0.230061 0.0139974 
0.0809721 0.585182 0.0789734 0.23395 0.020923 
0.47467 0.0149183 0.00189975 0.024495 0.484016 
0.436031 0.0375871 0.0389381 0.194273 0.293171 
0.322132 0.0745315 0.0111809 0.361145 0.231011 
0.00756886 0.0713461 0.0871303 0.356081 0.477874 
0.435951 0.101948 0.407969 0.00324176 0.0508902 
0.276767 0.126515 0.249723 0.256669 0.0903253 
0.0157398 0.0157325 0.0677471 0.1957 0.705081 
0.0344306 0.143596 0.476154 0.230329 0.11549 
0.506154 0.0121817 0.224278 0.247276 0.0101111 
0.0355762 0.235986 0.175993 0.347451 0.204993 
0.25349 0.211858 0.00286989 0.23679 0.294992 
0.250032 0.372462 0.055214 0.198031 0.124261 
0.519753 0.0507266 0.000260904 0.258401 0.170859 
0.341063 0.00403584 0.283451 0.0979255 0.273524 
0.422474 0.231033 0.00202345 0.077335 0.267135 
0.0597203 0.00717862 0.220456 0.647544 0.0651008 
0.19349 0.28516 0.185482 0.110637 0.225231 
0.142903 0.213516 0.104117 0.474299 0.0651657 
0.194991 0.0150942 0.638745 0.01099 0.14018 
0.0790124 0.157199 0.327106 0.279208 0.157475 
0.876122 0.0381418 0.0525929 0.0116961 0.0214478 
0.0780141 0.333743 0.122348 0.140878 0.325018 
0.39753 0.00793046 0.478253 0.0115407 0.104746 
0.138465 0.0394509 0.767979 0.0338732 0.0202314 
0.203082 0.0005481 0.474934 0.137994 0.183443 
0.1447 0.160082 0.0793381 0.246624 0.369256 
0.100067 0.476108 0.304581 0.0417336 0.0775105 
0.16161 0.228396 0.500867 0.100214 0.00891269 
0.584339 0.0882659 0.207332 0.112357 0.00770601 
0.118004 0.0871712 0.396039 0.132232 0.266554 
0.0515799 0.249293 0.00138487 0.453382 0.244361 
0.353221 0.344621 0.193887 0.100961 0.00731001 
0.179809 0.474551 0.0366977 0.305906 0.00303625 
0.158121 0.097428 0.0611179 0.0946399 0.588693 
0.107147 0.710432 0.0455981 0.0216156 0.115207 
0.320394 0.0558136 0.041647 0.495579 0.0865664 
0.0858021 0.306251 0.00301273 0.266675 0.338259 
0.00508166 0.107496 0.00269102 0.0867756 0.797956 
0.33636 0.393422 0.126894 0.0130536 0.13027 
0.0206383 0.732237 0.125456 0.00524482 0.116424 
0.0969703 0.0788848 0.239593 0.206834 0.377718 
0.203374 0.0153374 0.165234 0.283771 0.332283 
0.332958 0.210444 0.0624593 0.328374 0.0657639 
0.769228 0.0126202 0.132733 0.0691207 0.0162984 
0.239066 0.215652 0.00950319 0.47575 0.0600289 
0.00366255 0.0609471 0.522973 0.154967 0.257451 
0.0292666 0.140727 0.543574 0.0641899 0.222242 
0.0237797 0.159464 0.124015 0.281966 0.410775 
0.423252 0.0212566 0.175334 0.376484 0.0036734 
0.0791565 0.376946 0.0683511 0.400345 0.0752014 
0.361255 0.391292 0.00304337 0.00580606 0.238604 
0.14187 0.376209 0.0578558 0.00236324 0.421703 
0.258973 0.00729985 0.12168 0.537117 0.0749297 
0.102024 0.0645742 0.201652 0.532968 0.0987818 
0.0145963 0.101956 0.44753 0.0104206 0.425497 
0.02274 0.173218 0.416841 0.385128 0.00207258 
0.335462 0.228199 0.218952 0.00307856 0.214308 
0.145551 0.0438419 0.0444304 0.394407 0.371769 
0.0757719 0.402959 0.00671027 0.207665 0.306894 
0.109346 0.174685 0.219366 0.274811 0.221793 
0.0552257 0.514263 0.0748334 0.349129 0.00654822 
0.186105 0.3038 0.301236 0.20876 9.84379e-005 
0.0788427 0.286342 0.00953443 0.00108097 0.6242 
0.0892224 0.00659281 0.433084 0.421391 0.0497095 
0.195279 0.0156426 0.0891762 0.452415 0.247487 
0.0871128 0.119003 0.0284842 0.544438 0.220963 
0.450867 0.178453 0.162692 0.0989412 0.109047 
0.240884 0.347535 0.380148 0.0199781 0.0114557 
0.153282 0.329881 0.0943513 0.284001 0.138485 
0.0491033 0.537528 0.157983 0.187918 0.0674672 
0.0790824 0.234056 0.177604 0.102194 0.407064 
0.130406 0.10559 0.641924 0.0973459 0.024734 
0.00226587 0.271885 0.4341 0.0984928 0.193256 
0.342122 0.321797 0.00628392 0.229149 0.100648 
0.0795766 0.0784595 0.273887 0.11137 0.456707 
0.00422214 0.235075 0.00264315 0.104831 0.653229 
0.00865305 0.305665 0.112472 0.10926 0.46395 
0.163643 0.247943 0.480144 0.00240721 0.105863 
0.0164997 0.0832311 0.423193 0.275843 0.201233 
0.22862 0.35368 0.00367805 0.410129 0.00389317 
0.132982 0.114311 0.011475 0.268988 0.472243 
0.288543 0.00711864 0.371944 0.210612 0.121782 
0.11998 0.680773 0.0361055 0.157104 0.00603762 
0.292751 0.0136214 0.626715 0.0117666 0.0551465 
0.18095 0.142009 0.101549 0.0906734 0.484817 
0.0212603 0.0201912 0.786524 0.0282508 0.143774 
0.191307 0.116783 0.25835 0.0317094 0.401851 
0.0194065 0.038635 0.741046 0.132431 0.068482 
0.511635 0.433838 0.0232487 0.0150428 0.0162362 
0.188041 0.256791 0.238581 0.0059434 0.310644 
0.510909 0.166577 0.0579483 0.107414 0.157152 
0.0922981 0.270207 0.0385895 0.573928 0.0249777 
0.309702 0.00945388 0.195498 0.170753 0.314593 
0.0538173 0.388892 0.243111 0.310397 0.00378186 
0.506733 0.0998607 0.0365903 0.0980342 0.258782 
0.105633 0.551129 0.0868651 0.107674 0.148699 
0.0746889 0.121351 0.244044 0.028435 0.531481 
0.231442 0.217943 0.119061 0.156095 0.275459 
0.525857 0.00324603 0.007702 0.0764202 0.386775 
0.441816 0.190932 0.0629889 0.284116 0.0201468 
0.175247 0.132069 0.0735562 0.447807 0.17132 
0.084945 0.259905 0.0534304 0.171627 0.430092 
0.288966 0.139348 0.11178 0.107229 0.352678 
0.0345461 0.0977493 0.0214684 0.463276 0.38296 
0.0509888 0.0995064 0.277346 0.268286 0.303873 
0.0212185 0.107848 0.135947 0.0117835 0.723203 
0.487363 0.0380994 0.177625 0.0808973 0.216015 
0.238567 0.27658 0.0928287 0.0288471 0.363177 
0.201894 0.461077 0.117266 0.110573 0.109189 
0.000882022 0.467606 0.071421 0.453086 0.00700558 
0.231648 0.103031 0.588698 0.000711205 0.0759132 
0.27025 0.138835 0.464667 0.11092 0.0153277 
0.285 0.12276 0.211723 0.0435613 0.336956 
0.171824 0.175299 0.293022 0.200549 0.159305 
0.180601 0.0794299 0.137539 0.209991 0.392439 
0.511701 0.270252 0.0418439 0.0132928 0.16291 
0.142011 0.0768577 0.300888 0.207646 0.272597 
0.34168 0.457438 0.0238617 0.0870048 0.0900162 
0.36387 0.120414 0.324763 0.0726109 0.118342 
0.12665 0.0817441 0.122092 0.314337 0.355177 
0.421222 0.083227 0.0396356 0.0844475 0.371468 
0.745355 0.0773087 0.0229798 0.027223 0.127133 
0.0018218 0.0115437 0.458478 0.402567 0.12559 
0.632185 0.0121917 0.0407408 0.299418 0.015464 
0.00218278 0.176305 0.14321 0.414903 0.263399 
0.215937 0.117372 0.325375 0.326061 0.0152543 
0.433536 0.239696 0.211991 0.00111538 0.113661 
0.118276 0.273474 0.0686306 0.0055586 0.534061 
0.222127 0.182782 0.117089 0.389688 0.0883147 
0.131523 0.31411 0.433835 0.100711 0.0198213 
0.200001 0.38595 0.0128754 0.0812267 0.319947 
0.0145102 0.127337 0.717897 0.137984 0.00227146 
0.296004 0.17432 0.204089 0.148048 0.177539 
0.199539 0.0377293 0.458117 0.299401 0.00521376 
0.329926 0.076177 0.0999407 0.342451 0.151506 
0.26587 0.331361 0.152055 0.171768 0.0789458 
0.317584 0.128411 0.0136408 0.269307 0.271058 
0.0138452 0.238667 0.346758 0.165664 0.235065 
0.0881006 0.470442 0.194801 0.00906552 0.23759 
3.5212e-005 0.358981 0.247399 0.0101035 0.383481 
0.25296 0.327567 0.000448433 0.323 0.0960245 
0.333435 0.215747 0.078401 0.0622043 0.310213 
0.161593 0.0239597 0.333785 0.336389 0.144273 
0.0211723 0.00930317 0.0376602 0.622503 0.309361 
0.108109 0.188539 0.394878 0.110054 0.19842 
0.220279 0.297188 0.370196 0.00376588 0.108571 
0.000263337 0.381016 0.0375143 0.464285 0.116921 
0.125334 0.593433 0.230461 0.0395268 0.0112451 
0.0106039 0.16158 0.34271 0.157249 0.327857 
0.175821 0.216513 0.379009 0.143477 0.0851793 
0.00542248 0.00365993 0.294934 0.450042 0.245941 
0.365526 0.124436 0.14323 0.00579522 0.361014 
0.419487 0.012603 0.193381 0.0111451 0.363384 
0.0125855 0.0767061 0.340768 0.351496 0.218445 
0.232855 0.294648 0.105532 0.173748 0.193217 
0.0699483 0.636238 0.000301057 0.0291838 0.264329 
0.583908 0.135287 0.162781 0.00787265 0.110151 
0.404705 0.0243679 0.383236 0.0707174 0.116973 
0.0928488 0.258693 0.306399 0.338799 0.00326061 
0.0135214 0.0488671 0.0307852 0.682672 0.224155 
0.0138521 0.326665 0.214753 0.142384 0.302345 
0.205558 0.0271255 0.493316 0.188067 0.0859333 
0.00942113 0.35114 0.121857 0.309877 0.207706 
0.339008 0.114789 0.450519 0.0342034 0.0614805 
0.118614 0.00185726 0.00345291 0.492838 0.383237 
0.291483 0.102772 0.159986 0.2245 0.221258 
0.10331 0.450171 0.21213 0.132916 0.101472 
0.103433 0.137952 0.118843 0.529332 0.11044 
0.0821843 0.329271 0.340665 0.244369 0.00350985 
0.372842 0.302572 0.108148 0.0865912 0.129847 
0.189313 0.15711 0.227002 0.285234 0.141341 
0.160417 0.381206 0.00303413 0.330502 0.12484 
0.34884 0.0744887 0.230327 0.303758 0.0425871 
0.609481 0.118018 0.100526 0.157586 0.0143883 
0.49229 0.172305 0.00624943 0.203125 0.126032 
0.0658198 0.230598 0.144815 0.436707 0.12206 
0.119965 0.342852 0.13782 0.391586 0.0077772 
0.277761 0.0301323 0.0613634 0.312286 0.318457 
0.204012 0.0353245 0.0237634 0.663288 0.0736117 
0.0396411 0.521123 0.0891367 0.193323 0.156776 
0.0818528 0.0187356 0.160047 0.225435 0.51393 
0.0945657 0.302857 0.00675752 0.105055 0.490765 
0.0644977 0.454301 0.0605314 0.304172 0.116498 
0.0066514 0.0991467 0.0245982 0.29574 0.573864 
0.299223 0.0993198 0.351002 0.167987 0.082468 
0.141035 0.00403653 0.324028 0.28309 0.247811 
0.39578 0.114664 0.00645481 0.292266 0.190836 
0.0849336 0.0805522 0.454519 0.184561 0.195435 
0.505152 0.188724 0.236411 0.0691855 0.000527106 
0.0976089 0.251771 0.612675 0.0200328 0.0179116 
0.0936057 0.278377 0.351347 0.187379 0.0892911 
0.0349078 0.107319 0.12186 0.53137 0.204543 
0.303916 0.0201291 0.38393 0.0899299 0.202094 
0.0947182 0.0948863 0.0853049 0.0506081 0.674482 
0.144554 0.0763001 3.28436e-005 0.608849 0.170264 
0.145535 0.438763 0.114881 0.213845 0.0869755 
0.181747 0.15571 0.640215 0.00956877 0.0127593 
0.20849 0.307745 0.00119534 0.191373 0.291197 
0.0942458 0.218704 0.177616 0.0183393 0.491095 
0.192976 0.0753901 0.0700659 0.562602 0.098966 
0.437826 0.0757009 0.25554 0.195581 0.0353524 
0.0764199 0.267677 0.24951 0.179354 0.227039 
0.0751422 0.345524 0.179526 0.320121 0.0796874 
0.213702 0.126156 0.358131 0.132198 0.169813 
0.00123487 0.128633 0.520154 0.339031 0.0109468 
0.0221352 0.451823 0.0153942 0.0985979 0.412049 
0.332957 0.445409 0.00617496 0.178938 0.0365215 
0.191846 0.228737 0.153178 0.00637511 0.419864 
0.324852 0.313744 0.0333044 0.302546 0.0255535 
0.256397 0.0559895 0.206191 0.356175 0.125247 
0.0213587 0.210881 0.591941 0.160316 0.0155027 
0.135418 0.0292861 0.00445571 0.364378 0.466462 
0.02174 0.0146802 0.70643 0.00356468 0.253585 
0.153219 0.125624 0.184484 0.368612 0.168062 
0.600326 0.163602 0.0621005 0.0136172 0.160354 
0.255788 0.310726 0.200954 0.0969548 0.135577 
0.0946506 0.206413 0.248867 0.324689 0.125381 
0.0695496 0.793162 0.088927 0.0139518 0.0344094 
0.0971074 0.0790027 0.0348144 0.0200134 0.769062 
0.104874 0.3426 0.442911 0.0133281 0.0962872 
0.252983 0.223227 0.31454 0.192974 0.0162767 
0.475442 0.0109755 0.286284 0.0907524 0.136546 
0.200115 0.285034 0.00220483 0.0789735 0.433672 
0.504704 0.121684 0.0571013 0.00543279 0.311078 
0.490972 0.262212 0.00625608 0.193998 0.0465624 
0.120353 0.318042 0.011783 0.327305 0.222517 
0.387156 0.066982 0.27236 0.067481 0.206021 
0.474785 0.0454778 0.0863212 0.317402 0.0760144 
0.506843 0.132654 0.179536 0.164524 0.0164421 
0.417754 0.293257 0.121082 0.156459 0.0114481 
0.253591 0.217933 0.0041552 0.395097 0.129223 
0.0577079 0.118058 0.145869 0.61261 0.0657548 
0.00892678 0.146389 0.0863664 0.185501 0.572817 
0.0982587 0.131661 0.0585592 0.391771 0.31975 
0.114926 0.107935 0.705107 0.00998074 0.0620506 
0.297361 0.553161 0.00246874 0.0935851 0.0534239 
0.105705 0.153983 0.220281 0.458856 0.0611748 
0.165713 0.17409 0.390842 0.265829 0.00352546 
0.229141 0.00204885 0.225622 0.453448 0.0897399 
0.0039423 0.204562 0.112337 0.208702 0.470457 
0.136219 0.118488 0.0166103 0.183962 0.544721 
0.290113 0.347435 0.270879 0.00366833 0.0879053 
0.158 0.0166778 0.112262 0.706295 0.0067651 
0.0896867 0.156994 0.168346 0.228451 0.356523 
0.352273 0.00624335 0.430111 0.142024 0.0693493 
0.206345 0.00954119 0.012153 0.525578 0.246383 
0.264425 0.0739063 0.0976256 0.137886 0.426157 
0.352392 0.307098 0.0217349 0.0779796 0.240796 
0.0120463 0.268699 0.0848247 0.437608 0.196822 
0.271843 0.44827 0.258801 0.0107316 0.0103536 
0.182617 0.222006 0.0673647 0.126668 0.401345 
0.000415331 0.392261 0.38347 0.211055 0.0127988 
0.0642946 0.386856 0.344744 0.0752144 0.128892 
0.238149 0.101642 0.00651134 0.135068 0.51863 
0.431883 0.210599 0.0812873 0.0761326 0.200098 
0.184732 0.136637 0.495721 0.109956 0.0729537 
0.00664131 0.50657 0.0628847 0.171694 0.25221 
0.0120267 0.197914 0.430993 0.0779732 0.281094 
0.349122 0.210471 0.249402 0.0821979 0.108808 
0.103493 0.0138218 0.243825 0.407071 0.231789 
0.00324893 0.398852 0.0362697 0.303275 0.258354 
0.10286 0.140625 0.182611 0.119499 0.454405 
0.0319489 0.241246 0.236073 0.481185 0.00954718 
0.121013 0.107153 0.324773 0.00608691 0.440975 
0.000778674 0.377039 0.0873097 0.180785 0.354087 
0.00373676 0.164019 0.351314 0.256961 0.223969 
0.00458783 0.480977 0.150374 0.0973646 0.266697 
0.193545 0.058833 0.0182828 0.0529087 0.676431 
0.254142 0.133918 0.183988 0.427341 0.000611345 
0.00471699 0.567419 0.357937 0.0665427 0.00338447 
0.294652 0.165378 0.371331 0.00530943 0.16333 
0.041617 0.168598 0.0562236 0.653824 0.0797376 
0.0421984 0.527496 0.0747179 0.00588194 0.349706 
0.0395383 0.0797662 0.0192112 0.548998 0.312486 
0.519498 0.0337722 0.257824 0.00305309 0.185852 
0.664882 0.0827853 0.0617802 0.0109202 0.179632 
0.0363858 0.662248 0.275644 0.0137684 0.0119538 
0.0713201 0.452187 0.162376 0.283002 0.0311146 
0.130629 0.366376 0.150043 0.121503 0.23145 
0.190413 0.102889 0.104326 0.599671 0.00270057 
0.0561449 0.154473 0.465017 0.00343324 0.320932 
0.182813 0.0272542 0.275067 0.138019 0.376847 
0.236158 0.373952 0.267718 0.115767 0.00640463 
0.144898 0.00363551 0.109322 0.60611 0.136034 
0.338622 0.24277 0.408446 0.00603303 0.00412855 
0.0632238 0.538539 0.143583 0.0530723 0.201582 
0.196454 0.230814 0.27 0.296287 0.0064459 
0.22195 0.0729322 0.203647 0.285226 0.216244 
0.437083 0.149913 0.255318 0.0963053 0.0613801 
0.0488504 0.00220508 0.0184802 0.83638 0.0940847 
0.289543 0.0105074 0.0981464 0.366871 0.234931 
0.333414 0.341489 0.133287 0.190461 0.00134944 
0.0663113 0.222173 0.0731976 0.277435 0.360883 
0.12147 0.0110621 0.0714261 0.157526 0.638516 
0.529953 0.0273073 0.218835 0.129831 0.0940727 
0.125476 0.184017 0.224166 0.158052 0.30829 
0.34738 0.247619 0.0888267 0.220435 0.0957397 
0.416934 0.0665553 0.134631 0.244826 0.137054 
0.210281 0.155194 0.133211 0.259699 0.241615 
0.0296277 0.242941 0.434399 0.206714 0.0863192 
0.231624 0.165749 0.198344 0.116362 0.28792 
0.0741054 0.000608045 0.520267 0.0490618 0.355958 
0.0131373 0.268903 0.0151691 0.323699 0.379092 
0.0244404 0.37307 0.337478 0.0286687 0.236343 
0.27008 0.450131 0.00368519 0.0917318 0.184372 
0.136018 0.0524167 0.201908 0.325143 0.284513 
0.682052 0.101082 0.176577 0.0051619 0.0351274 
0.437165 0.136506 0.31031 0.00320907 0.11281 
0.118529 0.076869 0.393441 0.277986 0.133175 
0.17889 0.257639 0.172746 0.342252 0.048473 
0.00523973 0.0770473 0.681238 0.226012 0.0104638 
0.0110476 0.0248622 0.319548 0.058856 0.585686 
0.0903605 0.00071306 0.359715 0.427044 0.122167 
0.0760672 0.0129618 0.545197 0.169765 0.196009 
0.183085 0.447329 0.240009 0.0753363 0.0542418 
0.319282 0.013224 0.0372697 0.176484 0.45374 
0.357805 0.0168934 0.072199 0.190873 0.362229 
0.266882 0.258542 0.022814 0.25556 0.196202 
0.328908 0.169805 0.148795 0.288073 0.0644194 
0.208136 0.00246417 0.402606 0.00128539 0.385509 
0.0475234 0.0464548 0.316258 0.526766 0.0629977 
0.291174 0.0848457 0.297831 0.0255055 0.300644 
0.347552 0.0305098 0.301786 0.238793 0.0813599 
0.542569 0.074318 0.127384 0.22147 0.0342587 
0.519252 0.0726675 0.0798675 0.18718 0.141033 
0.0704076 0.288907 0.283618 0.0199931 0.337074 
0.272814 0.28776 0.330076 0.108569 0.000780234 
0.390958 0.211103 0.0120475 0.378716 0.00717574 
0.076996 0.613179 0.0937131 0.138319 0.0777931 
0.334728 0.541601 0.0925713 0.0145131 0.0165872 
0.0164467 0.000521882 0.182879 0.389408 0.410745 
0.582429 0.0950072 0.0103403 0.288032 0.0241918 
0.184786 0.304426 0.251979 0.171674 0.087136 
0.0956596 0.497109 0.0333544 0.159316 0.214561 
0.212335 0.462858 0.0439843 0.224753 0.0560708 
0.414892 0.439227 0.073248 0.00421752 0.068416 
0.0161955 0.323795 0.181633 0.0815787 0.396798 
0.357767 0.161424 0.0804735 0.153951 0.246385 
0.031046 0.240004 0.212072 0.180725 0.336153 
0.204043 0.617667 0.128031 0.00900961 0.0412502 
0.0825757 0.353477 0.153229 0.243649 0.167069 
0.0381023 0.079547 0.246666 0.482302 0.153382 
0.557749 0.330466 0.0991219 0.00508961 0.00757409 
0.0395016 0.0918642 0.116573 0.37504 0.377022 
0.244355 0.0275848 0.522389 0.0887803 0.116891 
0.0727209 0.253211 0.536165 0.104794 0.03311 
0.615903 0.00409753 0.288099 0.0541248 0.0377765 
0.421024 0.109785 0.101598 0.353463 0.0141314 
0.210827 0.0873684 0.161402 0.508813 0.0315904 
0.0741642 0.0163784 0.216566 0.259594 0.433298 
0.240509 0.0719138 0.0463767 0.485822 0.155379 
0.613436 0.17206 0.0868116 0.0659167 0.0617753 
0.267783 0.0931698 0.425906 0.192656 0.020486 
0.159873 0.425948 0.334629 0.0637931 0.0157559 
0.284201 0.160305 0.00886282 0.1648 0.381832 
0.658022 0.0959014 0.0116132 0.208642 0.025822 
0.201055 0.102054 0.267873 0.420878 0.00813976 
0.362032 0.299817 0.0137961 0.00994884 0.314406 
0.0786447 0.0291066 0.0753337 0.601617 0.215298 
0.0418485 0.104361 0.00442512 0.150035 0.69933 
0.00256416 0.306202 0.10829 0.476104 0.10684 
0.170333 0.0546201 0.246595 0.386889 0.141563 
0.252048 0.0150092 0.32962 0.156154 0.247169 
0.219988 0.325787 0.144365 0.0305413 0.279318 
0.389298 0.246588 0.00985947 0.152621 0.201633 
0.178576 0.0119787 0.420452 0.117047 0.271946 
0.21994 0.0595992 0.147204 0.0677603 0.505497 
0.0707649 0.274045 0.0900792 0.331267 0.233844 
0.156544 0.195366 0.37671 0.00400827 0.267372 
0.243773 0.0118446 0.46627 0.0416105 0.236502 
0.15643 0.263266 0.275162 0.0622971 0.242845 
0.196268 0.550002 0.0836019 0.115336 0.0547917 
0.00426088 0.0465525 0.404873 0.177202 0.367112 
0.27163 0.244713 0.147275 0.202769 0.133614 
0.13872 0.563625 0.00501057 0.242061 0.0505839 
0.0528505 0.130913 0.00811906 0.786925 0.0211934 
0.171579 0.347092 0.161488 0.243456 0.0763835 
0.0991877 0.255848 0.0357894 0.506394 0.102781 
0.0643366 0.231391 0.108555 0.0957788 0.499938 
0.104557 0.0205886 0.627299 0.0939145 0.153641 
0.432766 0.34979 0.00394091 0.190026 0.0234774 
0.0735325 0.0735429 0.417433 0.356278 0.0792137 
0.0828138 0.403818 0.404688 0.104413 0.00426628 
0.0277904 0.651187 0.0945217 0.0579676 0.168533 
0.487406 0.00747415 0.0829859 0.196551 0.225583 
0.0222526 0.117109 0.548116 0.148384 0.164138 
0.219785 0.638987 0.0426562 0.0664081 0.0321638 
0.211325 0.107059 0.558603 0.116799 0.00621333 
0.0485173 0.227403 0.501875 0.0641096 0.158095 
0.00317259 0.210195 0.263168 0.0887225 0.434742 
0.295551 0.258019 0.300832 0.0246357 0.120963 
0.0910595 0.0833809 0.364658 0.237521 0.223381 
0.0944476 0.0369569 0.208995 0.071116 0.588484 
0.00848913 0.299674 0.022189 0.206838 0.462809 
0.466738 0.260991 0.116439 0.0777388 0.0780929 
0.0728447 0.00064676 0.278769 0.18658 0.461159 
0.0755895 0.134737 0.640012 0.00718259 0.142479 
0.290052 0.157523 0.375169 0.0910517 0.0862038 
0.201866 0.176658 0.0110349 0.561996 0.0484447 
0.000468465 0.106964 0.267478 0.415721 0.209368 
0.0652918 0.312461 0.284081 0.0948026 0.243364 
0.31471 0.294786 0.0598073 0.174203 0.156494 
0.0995645 0.193558 0.0334774 0.488648 0.184751 
0.310346 0.077021 0.00890052 0.0379819 0.565751 
0.00526922 0.688313 0.019023 0.158737 0.128658 
0.045508 0.490726 0.382003 0.0428849 0.0388776 
0.283008 0.245475 0.0268112 0.0301674 0.414538 
0.323121 0.00193552 0.0383893 0.592246 0.0443076 
0.330895 0.150308 0.00355204 0.00264246 0.512603 
0.0252568 0.0260814 0.607298 0.260902 0.0804621 
0.351572 0.0842282 0.214972 0.173337 0.175891 
0.0817493 0.249725 0.432626 0.0240048 0.211895 
0.421292 0.0531122 0.164685 0.0737742 0.287136 
0.11486 0.407665 0.0146046 0.244878 0.217993 
0.129935 0.55774 0.215116 0.00260105 0.0946077 
0.0158121 0.414549 0.479904 0.0234117 0.0663236 
0.249573 0.00314111 0.313709 0.4142 0.0193775 
0.432058 0.000923195 0.218638 0.29702 0.0513612 
0.0599108 0.217226 0.0502388 0.0885206 0.584104 
0.140479 0.0104845 0.184485 0.491594 0.172958 
0.132206 0.307794 0.0622131 0.190454 0.307332 
0.216454 0.373974 0.0704685 0.270824 0.0682793 
0.0291863 0.0698172 0.55554 0.0538735 0.291583 
0.078628 0.426891 0.207553 0.0875432 0.199385 
0.469339 0.105436 0.170256 0.0153725 0.239596 
0.0665433 0.428192 0.0649528 0.13083 0.309482 
0.300117 0.327099 0.143425 0.0476178 0.181741 
0.204822 0.214089 0.0905261 0.333963 0.156599 
0.203516 0.464542 0.177276 0.136722 0.0179438 
0.130368 0.407496 0.355742 0.00645249 0.0999423 
0.603074 0.00655683 0.00974808 0.198058 0.182563 
0.165288 0.357891 0.310907 0.00113358 0.164781 
0.0869269 0.239305 0.294937 0.229297 0.149534 
0.367719 0.125875 0.27227 0.158094 0.0760409 
0.0840534 0.439389 0.133473 0.0166682 0.326417 
0.603068 0.0196897 0.12993 0.158205 0.089108 
0.309263 0.0413341 0.114468 0.237503 0.297433 
0.245846 0.0915881 0.0056832 0.420463 0.23642 
0.357793 0.0694308 0.463967 0.105062 0.00374705 
0.301599 0.177503 0.0589986 0.305274 0.156625 
0.315213 0.211443 0.376338 0.0950083 0.00199746 
0.137906 0.280445 0.142433 0.0804838 0.358732 
0.10268 0.0756089 0.385356 0.4342 0.00215535 
0.486586 0.310718 0.00669625 0.0776746 0.118326 
0.168627 0.0741909 0.240246 0.025315 0.491621 
0.220907 0.242225 0.239346 0.143478 0.154044 
0.0461941 0.138152 0.348706 0.427378 0.0395698 
0.0483751 0.670595 0.0294916 0.249238 0.00229979 
0.597594 0.0605817 0.0256541 0.0585328 0.257638 
0.1722 0.407888 0.122423 0.0245988 0.272891 
0.00121977 0.509336 0.320746 0.0253048 0.143393 
0.15768 0.100307 0.549773 0.0261295 0.166109 
0.241544 0.0970982 0.16765 0.170472 0.323236 
0.342094 0.000960716 0.249816 0.180226 0.226904 
0.0717734 0.0650714 0.0952405 0.283412 0.484503 
0.0947623 0.15428 0.252848 0.0540122 0.444098 
0.348711 0.0543144 0.0339961 0.41103 0.151949 
0.114104 0.0816155 0.48527 0.0172314 0.301779 
0.108436 0.163802 0.518289 0.182986 0.0264873 
0.471908 0.0219203 0.0119365 0.351957 0.142279 
0.288453 0.0853243 0.112038 0.448079 0.0661057 
0.221963 0.226544 0.495711 0.0265016 0.0292799 
0.0215519 0.669894 0.203119 0.0735459 0.0318889 
0.0107967 0.446641 0.0831449 0.238696 0.220722 
0.226764 0.0877263 0.364598 0.00208357 0.318828 
0.0947877 0.149156 0.0797609 0.130658 0.545637 
0.179491 0.0780927 0.0623196 0.268949 0.411147 
0.0930544 0.277853 0.279135 0.276461 0.073497 
0.161397 0.278284 0.358957 0.076269 0.125093 
0.0808278 0.0196176 0.440457 0.111063 0.348035 
0.0231393 0.30533 0.149338 0.220995 0.301197 
0.0061161 0.458415 0.273032 0.181118 0.081319 
0.269951 0.226122 0.0942716 0.397846 0.0118083 
0.376723 0.0051827 0.387733 0.227729 0.00263204 
0.169509 0.164793 0.0624663 0.33174 0.271492 
0.199447 0.00605004 0.0964982 0.37446 0.323544 
0.421912 0.1951 0.134833 0.202603 0.0455511 
0.283211 0.468578 0.0944161 0.0495416 0.104253 
0.208666 0.152017 0.075488 0.476419 0.08741 
0.0347947 0.0899296 0.314626 0.192631 0.368018 
0.317508 0.00644276 0.132429 0.0829307 0.46069 
0.170407 0.0807154 0.443113 0.149236 0.156529 
0.204055 0.0410462 0.297575 0.27151 0.185813 
0.167335 0.425761 0.0437641 0.211703 0.151437 
0.0841913 0.365761 0.00927007 0.475071 0.0657066 
0.0778125 0.0134276 0.338378 0.248328 0.322055 
0.155506 0.106554 0.307998 0.326795 0.103147 
0.336977 0.157729 0.191483 0.0487417 0.265069 
0.144665 0.193943 0.294567 0.0536197 0.313205 
0.177503 0.218601 0.00741467 0.452189 0.144293 
0.301421 0.200145 0.226941 0.186745 0.0847486 
0.00770582 0.384828 0.114228 0.487222 0.00601561 
0.308269 0.281773 0.253652 0.0977135 0.0585925 
0.00464654 0.0977556 0.246617 0.0857828 0.565198 
0.269438 0.548901 0.0192883 0.00544675 0.156926 
0.827315 0.0306265 0.00971027 0.108119 0.0242299 
0.269671 0.211533 0.217294 0.0704004 0.231102 
0.150756 0.293912 0.129083 0.213128 0.213121 
0.0181337 0.00298847 0.50844 0.0381814 0.432256 
0.418662 0.129752 0.0715432 0.216202 0.163841 
0.577498 0.00297827 0.313179 0.000608581 0.105737 
0.553081 0.186089 0.0652892 0.145422 0.0501199 
0.105295 0.193004 0.427468 0.21677 0.0574625 
0.00943301 0.302113 0.450928 0.00120503 0.236321 
0.172858 0.026247 0.399323 0.325302 0.0762712 
0.285661 0.341346 0.0120066 0.0633764 0.29761 
0.0865546 0.263823 0.185227 0.259311 0.205084 
0.135498 0.011011 0.0724083 0.461337 0.319746 
0.0551955 0.15931 0.361155 0.0626851 0.361655 
0.37657 0.190017 0.166941 0.0985739 0.167899 
0.122404 0.30453 0.119119 0.364929 0.0890173 
0.072686 0.439327 0.325895 0.116339 0.045753 
0.345584 0.00830677 0.236041 0.0611492 0.348919 
0.273036 0.228538 0.405779 0.00319138 0.0894552 
0.116484 0.111999 0.471529 0.219905 0.0800831 
0.000850558 0.313889 0.523141 0.0617048 0.100414 
0.0990332 0.243469 0.118373 0.175458 0.363668 
0.00417354 0.354201 0.00359546 0.54733 0.0906998 
0.436225 0.0711553 0.111975 0.0223735 0.35827 
0.34143 0.0880827 0.0447815 0.140893 0.384813 
0.0142957 0.219433 0.225522 0.400999 0.139749 
0.17823 0.0741751 0.0862228 0.150045 0.511328 
0.398991 0.237375 0.148682 0.00377295 0.211179 
0.00502453 0.33109 0.0846038 0.0371906 0.542091 
0.330855 0.0811365 0.174572 0.290256 0.123181 
0.276951 0.00802307 0.246574 0.252881 0.215571 
0.0468354 0.0930241 0.166739 0.146126 0.547276 
0.308989 0.0617021 0.548679 0.000405263 0.0802238 
0.0123476 0.000279188 0.389401 0.40919 0.188782 
0.0955953 0.00380915 0.293547 0.0987772 0.508271 
0.378411 0.412986 0.0996364 0.0821069 0.0268594 
0.0219031 0.0235243 0.162343 0.31944 0.47279 
0.582996 0.275669 0.0537316 0.00110487 0.0864991 
0.00494825 0.00703638 0.122792 0.487942 0.377282 
0.391519 0.472121 0.00963339 0.000408477 0.126318 
0.286403 0.198377 0.299488 0.000707786 0.215024 
0.267572 0.108587 0.0906138 0.303277 0.22995 
0.0478239 0.0220019 0.213642 0.559388 0.157144 
0.33468 0.00216718 0.281394 0.35032 0.0314393 
0.211992 0.182675 0.218013 0.0418045 0.345515 
0.0679405 0.139853 0.223964 0.359126 0.209116 
0.128018 0.442745 0.00680648 0.35635 0.0660802 
0.191298 0.399265 0.172532 0.0847618 0.152142 
0.0973687 0.342272 0.28595 0.143919 0.13049 
0.674356 0.00646392 0.188162 0.101099 0.0299187 
0.335611 0.0573613 0.179983 0.0216451 0.4054 
0.382473 0.344611 0.209016 0.0154213 0.0484789 
0.0188466 0.127653 0.196712 0.334752 0.322037 
0.0871085 0.692674 0.128075 0.047871 0.0442708 
0.179982 0.0024117 0.431583 0.380524 0.0055 
0.295214 0.0151837 0.179391 0.497747 0.0124637 
0.331598 0.0702185 0.0638127 0.530612 0.00375874 
0.344965 0.195742 0.00250331 0.225964 0.230826 
0.0153838 0.223645 0.274969 0.252525 0.233477 
0.291665 0.262314 0.181011 0.23497 0.0300409 
0.0669247 0.306746 0.382038 0.106597 0.137694 
0.0621377 0.326148 0.0221729 0.432252 0.157289 
0.300675 0.471907 0.159986 0.0619725 0.00546 
0.397124 0.00279428 0.118685 0.223306 0.258091 
0.313749 0.0974667 0.101784 0.0613399 0.42566 
0.00674885 0.22995 0.00704228 0.430317 0.325942 
0.0982376 0.188031 0.280516 0.426392 0.00682296 
0.0177912 0.196103 0.00194255 0.360076 0.424087 
0.170098 0.0908448 0.208184 0.142742 0.388132 
0.10362 0.0442473 0.240488 0.60012 0.0115241 
0.133927 0.188759 0.074056 0.563945 0.0393132 
0.24273 0.200076 0.161806 0.31056 0.0848274 
0.194906 0.253674 0.0104009 0.337676 0.203343 
0.297004 0.212562 0.0526491 0.150059 0.287725 
0.0127711 0.168226 0.255229 0.466391 0.097382 
0.12196 0.167303 0.00697576 0.315667 0.388095 
0.0717852 0.154681 0.564253 0.0784219 0.130859 
0.556167 0.0061659 0.108699 0.0765147 0.252454 
0.406232 0.00622901 0.015632 0.104022 0.467885 
0.133926 0.0388865 0.356951 0.0598272 0.410409 
0.000282825 0.289285 0.352734 0.0938503 0.263848 
0.558714 0.151272 0.243716 0.00986938 0.0364277 
0.157922 0.0074174 0.00558283 0.221495 0.607582 
0.28507 0.418364 0.101443 0.124585 0.0705382 
0.193277 0.0333479 0.669317 0.0689012 0.0351567 
0.417342 0.149539 0.0571467 0.0219754 0.353997 
0.341765 0.00126315 0.169526 0.420888 0.0665576 
0.020894 0.00412067 0.462378 0.483472 0.0291358 
0.448218 0.106084 0.339998 0.065114 0.0405852 
0.168113 0.118924 0.259482 0.244773 0.208707 
0.105962 0.0159667 0.161877 0.00359874 0.712596 
0.0479142 0.512641 0.274627 0.101282 0.0635364 
0.184336 0.38521 0.0664072 0.358766 0.00527961 
0.0602041 0.0356071 0.357172 0.0518493 0.495167 
0.0165169 0.127467 0.219223 0.248594 0.388199 
0.236251 0.502992 0.0069956 0.00464503 0.249117 
0.0246214 0.352765 0.0503878 0.251621 0.320605 
0.237287 0.19849 0.127716 0.0641857 0.372321 
0.280732 0.0467745 0.516405 0.145621 0.0104674 
0.48454 0.0138833 0.183321 0.15842 0.159836 
0.489104 0.217629 0.00186871 0.0869812 0.204417 
0.384862 0.000443516 0.0022297 0.245312 0.367152 
0.196084 0.256708 0.148106 0.260834 0.138268 
0.129761 0.0969848 0.428803 0.342398 0.00205218 
0.0830213 0.389908 0.0135563 0.0674163 0.446098 
0.00695748 0.344371 0.00217104 0.420779 0.225722 
0.506468 0.355996 0.0416928 0.0405527 0.0552905 
0.00406542 0.310299 0.375923 0.248522 0.0611916 
0.124965 0.198705 0.0520648 0.0114975 0.612768 
0.289267 0.104245 0.268429 0.335971 0.00208824 
0.143743 0.406156 0.0674418 0.0416924 0.340967 
0.234925 0.0103367 0.203142 0.171628 0.379968 
0.0718486 0.206542 0.289217 0.127765 0.304628 
0.0833481 0.384687 0.204783 0.236094 0.0910888 
0.300864 0.0447126 0.374997 0.238252 0.0411744 
0.209657 0.149009 0.38598 0.202984 0.0523701 
0.294864 0.343564 0.078921 0.236038 0.0466127 
0.0709059 0.498438 0.246231 0.0374618 0.146963 
0.407057 0.359378 0.0659504 0.0380687 0.129546 
0.0799596 0.0454042 0.550693 0.216226 0.107717 
0.0153622 0.42368 0.463852 0.0955336 0.00157197 
0.448524 0.00927873 0.0854032 0.438857 0.0179371 
0.195697 0.18206 0.430025 0.0823545 0.109863 
0.317491 0.169273 0.320968 0.159518 0.0327495 
0.245057 0.00136219 0.213828 0.0174786 0.522273 
0.750518 0.0942527 0.00754735 0.1046 0.0430818 
0.454246 0.266116 0.128474 0.0115279 0.139635 
0.176575 0.0978567 0.332353 0.108445 0.28477 
0.15251 0.33959 0.0490203 0.423448 0.0354315 
0.150744 0.367813 0.0815874 0.178754 0.221102 
0.445511 0.150043 0.0169556 0.08743 0.30006 
0.255009 0.136002 0.366984 0.00124505 0.240761 
0.209674 0.0078366 0.421845 0.252754 0.10789 
0.0407916 0.197837 0.467668 0.146618 0.147086 
0.315853 0.0240556 0.427263 0.00216769 0.230661 
0.000133382 0.268615 0.268354 0.186744 0.276154 
0.0764873 0.00463894 0.312709 0.356467 0.249698 
0.176868 0.277463 0.336274 0.00189315 0.207502 
0.23572 0.0831149 0.100349 0.384444 0.196373 
0.0753288 0.352943 0.0965171 0.324728 0.150483 
0.0692288 0.0574059 0.629738 0.188312 0.055316 
0.089739 0.0178221 0.194124 0.339155 0.35916 
0.446741 0.00774909 0.247982 0.202111 0.0954173 
0.148133 0.514524 0.155575 0.106849 0.0749192 
0.213514 0.0883402 0.461361 0.00150255 0.235283 
0.466841 0.200601 0.0359067 0.013341 0.28331 
0.0809592 0.131164 0.473075 0.104666 0.210135 
0.235536 0.121445 0.315651 0.19857 0.128799 
0.243667 0.00896515 0.0815363 0.188835 0.476996 
0.37237 0.185735 0.109387 0.330104 0.00240251 
0.00656623 0.00268145 0.451123 0.336154 0.203475 
0.34698 0.0832604 0.0981531 0.167629 0.303978 
0.192127 0.0856839 0.109218 0.00502316 0.607947 
0.0180398 0.224471 0.318527 0.321258 0.117704 
0.201819 0.218146 0.318639 0.0931519 0.168245 
0.107071 0.524531 0.0911448 0.180749 0.0965043 
0.235733 0.366039 0.00708254 0.150171 0.240974 
0.277039 0.285917 0.187699 0.0115236 0.237821 
0.213913 0.124754 0.228597 0.180745 0.251991 
0.270282 0.126354 0.18718 0.00249455 0.413689 
0.342499 0.114643 0.305954 0.000356256 0.236547 
0.233157 0.344549 0.189064 0.219077 0.0141526 
0.391409 0.268644 0.235693 0.0593572 0.0448963 
0.0636873 0.238351 0.160653 0.520643 0.0166654 
0.368553 0.104319 0.288978 0.233518 0.00463214 
0.0207403 0.259117 0.39243 0.024384 0.303329 
0.0495038 0.410479 0.124743 0.340247 0.0750283 
0.503378 0.11871 0.0191908 0.296792 0.0619293 
0.214106 0.174789 0.0203161 0.219069 0.371719 
0.144551 0.229468 0.0391264 0.264576 0.322279 
0.02621 0.112078 0.041561 0.670112 0.150039 
0.0398121 0.312139 0.267387 0.228963 0.151699 
0.261644 0.152842 0.198661 0.228401 0.158452 
0.43883 0.0316985 0.0513993 0.261771 0.2163 
0.165774 0.195415 0.11043 0.0179042 0.510476 
0.0623392 0.219329 0.0242807 0.57922 0.114831 
0.401285 0.170738 0.0821284 0.25497 0.0908783 
0.0142614 0.0206885 0.146601 0.592878 0.225571 
0.273379 0.303072 0.0589358 0.112244 0.252369 
0.185486 0.411956 0.09981 0.100429 0.202319 
0.363629 0.236985 0.228685 0.166822 0.00387829 
0.0872864 0.0963642 0.57125 0.0181953 0.226904 
0.139263 0.129446 0.151952 0.334909 0.24443 
0.349133 0.00449152 0.108809 0.00429615 0.53327 
0.118823 0.529026 0.291998 0.0539136 0.00623871 
0.137195 0.452789 0.0348989 0.0890696 0.286047 
0.166238 0.197006 0.121449 0.199061 0.316246 
0.553347 0.197948 0.167161 0.0416818 0.0398626 
0.394187 0.174413 0.20103 0.150516 0.0798541 
0.377355 0.167157 0.437505 0.0169618 0.00102165 
0.000983615 0.00446389 0.430964 0.0861744 0.477414 
0.372215 0.00317543 0.35393 0.033702 0.236977 
0.406625 0.0749697 0.196377 0.111617 0.210412 
0.127975 0.0832614 0.195783 0.446199 0.146782 
0.371228 0.212773 0.28089 0.00162839 0.13348 
0.36851 0.189002 0.106462 0.169463 0.166562 
0.06701 0.273548 0.187596 0.374439 0.0974069 
0.183255 0.33448 0.14925 0.32758 0.00543447 
0.0233866 0.00619655 0.25565 0.372494 0.342273 
0.0831859 0.0670466 0.695146 0.136688 0.0179339 
0.0106276 0.265717 0.156645 0.055412 0.511599 
0.03448 0.0310112 0.612816 0.106173 0.215519 
0.0272202 0.324195 0.339447 0.178052 0.131086 
0.0467797 0.341119 0.0781204 0.132183 0.401797 
0.357748 0.378245 0.0517562 0.206726 0.00552502 
0.151212 0.223747 0.235633 0.156956 0.232452 
0.415297 0.221377 0.320604 0.0225167 0.0202047 
0.137981 0.177293 0.166354 0.407996 0.110377 
0.0496781 0.207919 0.381431 0.189857 0.171115 
0.00339487 0.117633 0.525589 0.00134753 0.352035 
0.138099 0.00886006 0.431933 0.249718 0.17139 
0.0329616 0.666487 0.0165599 0.0941452 0.189846 
0.440311 0.113639 0.174227 0.195594 0.0762297 
0.296367 0.0876909 0.457415 0.00052469 0.158002 
0.145968 0.59941 0.00403102 0.0103511 0.240239 
0.262618 0.00734893 0.295663 0.111324 0.323047 
0.0512651 0.00389631 0.298991 0.604135 0.0417124 
0.146573 0.296867 0.0378609 0.141435 0.377264 
0.218745 0.414993 0.2256 0.0121735 0.128489 
0.233301 0.15322 0.0240696 0.0632381 0.526172 
0.396512 0.220771 0.00526552 0.304083 0.0733685 
0.16357 0.0045434 0.0909043 0.045891 0.695091 
0.00827621 0.491114 0.178425 0.249419 0.0727666 
0.27781 0.38244 0.110454 0.00580169 0.223494 
0.194497 0.28677 0.356558 0.121229 0.0409461 
0.122428 0.383082 0.201508 0.0359914 0.256991 
0.162535 0.101707 0.332804 0.244149 0.158805 
0.248546 0.0818526 0.0135157 0.355717 0.300369 
0.437864 0.308196 0.0566658 0.13038 0.0668942 
0.350842 0.146913 0.00234312 0.349715 0.150187 
0.357949 0.142596 0.0133455 0.405538 0.0805713 
0.0552358 0.082149 0.38183 0.064186 0.416599 
0.143261 0.18552 0.00538951 0.426243 0.239587 
0.141612 0.377647 0.0327926 0.143587 0.304362 
0.125024 0.482996 0.0769276 0.268402 0.0466499 
0.0348563 0.0312387 0.385784 0.288607 0.259514 
0.00433732 0.0957519 0.332934 0.469416 0.0975605 
0.0451659 0.308244 0.175638 0.308376 0.162575 
0.0918784 0.220071 0.0150057 0.253619 0.419426 
0.237203 0.0723007 0.157063 0.250823 0.282611 
0.101672 0.296401 0.201369 0.0066051 0.393954 
0.127275 0.00772761 0.587898 0.161471 0.115629 
0.0136688 0.204084 0.0671236 0.497835 0.217288 
0.3964 0.0304507 0.11223 0.391603 0.0693163 
0.506659 0.0777044 0.019621 0.186309 0.209707 
0.621761 0.223361 0.0288245 0.0960037 0.0300499 
0.253847 0.00479873 0.244701 0.0561656 0.440487 
0.379235 0.115314 0.00709456 0.209161 0.289196 
0.0642334 0.383368 0.197296 0.00475304 0.35035 
0.293911 0.113339 0.297115 0.140082 0.155551 
0.199232 0.240247 0.161071 0.0873755 0.312075 
0.507665 0.10024 0.132928 0.083958 0.175209 
0.146915 0.593854 0.0461855 0.161859 0.0511866 
0.000990584 0.00625635 0.0394457 0.458753 0.494554 
0.0424615 0.0581744 0.552695 0.32747 0.0191995 
0.133089 0.0223537 0.365181 0.00299184 0.476384 
0.195414 0.199272 0.221399 0.380874 0.00304075 
0.045592 0.211105 0.283001 0.0090361 0.451266 
0.28916 0.0619851 0.218984 0.179271 0.2506 
0.665729 0.0385442 0.0497486 0.154481 0.0914976 
0.0631209 0.193174 0.150888 0.174273 0.418544 
0.0860249 0.152914 0.394272 0.279229 0.0875596 
0.229558 0.0106442 0.282981 0.376332 0.100485 
0.0781072 0.334567 0.394401 0.175413 0.017511 
0.0859974 0.789205 0.0157624 0.0301242 0.0789111 
0.297826 0.406875 0.197456 0.000346644 0.0974963 
0.214407 0.000659319 0.223514 0.299922 0.261498 
0.319316 0.234448 0.00113396 0.317215 0.127887 
0.0894241 0.0248655 0.0129923 0.318211 0.554507 
0.131345 0.178876 0.0459946 0.18351 0.460273 
0.00113091 0.239179 0.355224 0.398285 0.00618227 
0.12926 0.0815752 0.263889 0.435998 0.0892783 
0.185423 0.681766 0.036426 0.00295338 0.0934314 
0.099339 0.0666984 0.0919189 0.477632 0.264412 
0.20354 0.223156 0.121216 0.449054 0.00303419 
0.223182 0.158906 0.086922 0.162348 0.368641 
0.0609604 0.0662089 0.243402 0.00325865 0.62617 
0.000190022 0.423997 0.00521856 0.243121 0.327474 
3.46564e-005 0.266898 0.30243 0.0303407 0.400297 
0.0993276 0.138507 0.0293718 0.715193 0.0176008 
0.00815139 0.195552 0.13809 0.341047 0.317158 
0.0627933 0.15403 0.383526 0.124065 0.275586 
0.108633 0.165855 0.498575 0.122057 0.10488 
0.0422213 0.0639557 0.073181 0.223934 0.596708 
0.241785 0.0920407 0.385815 0.270032 0.0103266 
0.187814 0.00593325 0.113573 0.261677 0.431003 
0.597056 0.159767 0.0260628 0.088447 0.128667 
0.111788 0.116357 0.589436 0.176977 0.00544093 
0.232938 0.0907926 0.260215 0.345674 0.0703815 
0.360287 0.00275002 0.140812 0.313841 0.182311 
0.0506759 0.295317 0.0233278 0.0671792 0.5635 
0.193087 0.311003 0.444091 0.0281385 0.0236806 
0.337453 0.374216 0.0646461 0.0400313 0.183654 
0.10528 0.43601 0.0751133 0.375089 0.00850791 
0.0314874 0.614972 0.226604 0.0207843 0.106152 
0.0121313 0.259002 0.030199 0.0271427 0.671525 
0.189186 0.119243 0.101434 0.274325 0.315811 
0.0106857 0.576737 0.12792 0.151586 0.133072 
0.110824 0.452409 0.183261 0.206728 0.046778 
0.326661 0.380087 0.255602 0.0306397 0.0070103 
0.136643 0.312565 0.217779 0.1579 0.175114 
0.05011 0.112184 0.143562 0.398374 0.295771 
0.103179 0.537112 0.00770746 0.048616 0.303385 
0.000727214 0.425403 0.0835943 0.311959 0.178317 
0.035519 0.0301836 0.184585 0.446066 0.303646 
0.141053 0.0127882 0.157035 0.439925 0.249199 
0.302995 0.36489 0.010384 0.145687 0.176044 
0.377787 0.00662819 0.290864 0.0161777 0.308543 
0.409424 0.00681181 0.129452 0.14201 0.312302 
0.538648 0.0322484 0.030208 0.30836 0.0905362 
0.243102 0.466157 0.140606 0.00332729 0.146808 
2.68081e-005 0.196747 0.439864 0.275146 0.0882171 
0.22637 0.363863 0.0699213 0.00701989 0.332825 
0.0160302 0.560285 0.209989 0.109264 0.104431 
0.136622 0.139479 0.352079 0.166984 0.204836 
0.294366 0.167049 0.139156 0.166342 0.233087 
0.224646 0.17981 0.285558 0.230302 0.079683 
0.0938949 0.0623896 0.199539 0.192014 0.452162 
0.376343 0.0394824 0.0887822 0.0557741 0.439619 
0.0427801 0.0574163 0.000961713 0.388779 0.510062 
0.496614 0.255641 0.0785824 0.162464 0.00669866 
0.00938628 0.209733 0.610551 0.0457279 0.124602 
0.0742786 0.400922 0.313219 0.202964 0.00861554 
0.0150528 0.309036 0.165869 0.489493 0.020549 
0.129007 0.000428857 0.285696 0.202594 0.382274 
0.0960761 0.137222 0.0438788 0.599635 0.123188 
0.350406 0.195345 0.140026 0.00124507 0.312979 
0.645008 0.0327437 0.0605699 0.103147 0.158532 
0.131275 0.0455727 0.188987 0.268268 0.365898 
0.0162609 0.11863 0.276316 0.583468 0.00532509 
0.132468 0.354524 0.137946 0.0731803 0.301882 
0.192329 0.431874 0.112079 0.263154 0.00056473 
0.0328662 0.084544 0.477162 0.391765 0.0136626 
0.0269669 0.547189 0.0129083 0.329349 0.0835865 
0.00786357 0.0743224 0.382682 0.390353 0.14478 
0.321877 0.013658 0.491634 0.0351991 0.137632 
0.044426 0.178861 0.136379 0.0111696 0.629164 
0.212208 0.390006 0.177616 0.148688 0.0714821 
0.0552547 0.280243 0.465356 0.143019 0.0561277 
0.349923 0.0964552 0.00183982 0.0884416 0.46334 
0.298572 0.194311 0.451349 0.0532374 0.00253074 
0.135102 0.204263 0.14251 0.288465 0.229661 
0.475549 0.0239746 0.352281 0.0912228 0.0569719 
0.324895 0.34224 0.164505 0.0859001 0.08246 
0.395305 0.0037448 0.472703 0.086 0.0422474 
0.0313038 0.388837 0.275114 0.0843413 0.220404 
0.184378 0.076076 0.464758 0.232801 0.0419877 
0.237593 0.139194 0.0387786 0.29495 0.289485 
0.383809 0.103627 0.125676 0.308749 0.0781393 
0.123257 0.34707 0.0247153 0.0115478 0.493411 
0.542796 0.211945 0.0972509 0.0584362 0.0895716 
0.41152 0.275426 0.0125158 0.208531 0.0920074 
0.102194 0.126242 0.420274 0.0634167 0.287873 
0.083415 0.249073 0.343108 0.132543 0.191861 
0.171037 0.1957 0.572614 0.0442566 0.0163915 
0.00553271 0.155397 0.321464 0.108976 0.40863 
0.00439877 0.1356 0.246033 0.132859 0.481109 
0.158965 0.00682104 0.338003 0.195646 0.300565 
0.336111 0.174845 0.0624922 0.423213 0.00333865 
0.154196 0.233438 0.219755 0.276995 0.115616 
0.104103 0.0614017 0.0703997 0.344433 0.419662 
0.206914 0.346788 0.257192 0.0526363 0.13647 
0.179918 0.336575 0.361575 0.0566445 0.0652864 
0.202293 0.200103 0.317198 0.0436196 0.236787 
0.144754 0.130495 0.0740954 0.404369 0.246287 
0.352836 0.00215245 0.0209454 0.395581 0.228485 
0.709166 0.00669051 0.0775675 0.00929857 0.197277 
0.210715 0.195414 0.00489489 0.113338 0.475639 
0.183905 0.270076 0.0325781 0.44637 0.0670706 
0.0160243 0.616683 0.0906228 0.275368 0.00130185 
0.132067 0.203558 0.219302 0.0748841 0.370189 
0.0108472 0.371132 0.235615 0.288317 0.0940884 
0.00584903 0.542469 0.0160535 0.406908 0.0287213 
0.199211 0.00418629 0.00803972 0.470134 0.318428 
0.325232 0.243604 0.140391 0.0426085 0.248165 
0.0992583 0.0978432 0.362016 0.103748 0.337135 
0.368697 0.00532781 0.568259 0.0476491 0.0100666 
0.0279755 0.103798 0.439218 0.160734 0.268275 
0.0870872 0.234252 0.248587 0.374282 0.0557915 
0.10187 0.0656088 0.0698347 0.727174 0.0355128 
0.427334 0.0444805 0.34961 0.0139085 0.164668 
0.69657 0.0027549 0.0157713 0.0617747 0.223129 
0.286489 0.19209 0.254536 0.24132 0.0255651 
0.305162 0.244556 0.20567 0.0823689 0.162242 
0.174402 0.00794805 0.262487 0.0150743 0.540088 
0.183212 0.101041 0.0127397 0.526651 0.176356 
0.678674 0.18252 0.0842377 0.0420225 0.0125462 
0.423588 0.000818179 0.167741 0.221315 0.186538 
0.0106398 0.260493 0.0688695 0.391959 0.268039 
0.498753 0.191939 0.128897 0.126147 0.0542642 
0.132383 0.29688 0.151244 0.142346 0.277147 
0.011572 0.171223 0.299214 0.22537 0.292621 
0.0374988 0.525567 0.00942795 0.0263814 0.401125 
0.0117487 0.0822382 0.671563 0.149729 0.0847214 
0.00210717 0.126903 0.022918 0.360758 0.487313 
0.00172135 0.227589 0.518769 0.207225 0.0446968 
0.627287 0.0633145 0.148762 0.0749889 0.0856475 
0.413513 0.018229 0.237838 0.154286 0.176134 
0.255023 0.0649084 0.258586 0.0585713 0.362911 
0.0692614 0.0623134 0.472706 0.265571 0.130149 
0.279733 0.19539 0.242085 0.00477218 0.278021 
0.302853 0.0607789 0.204534 0.0996401 0.332194 
0.0200921 0.207905 0.230391 0.0281592 0.513452 
0.112564 0.291654 0.496957 0.0452719 0.0535539 
0.00243948 0.410745 0.237705 0.193219 0.155892 
0.0583467 0.533686 0.0219634 0.262514 0.12349 
0.186449 0.326576 0.222891 0.0259116 0.238173 
0.192072 0.502882 0.206928 0.0192584 0.0788583 
0.222699 0.275571 0.200841 0.286594 0.0142952 
0.0666026 0.386877 0.162318 0.102951 0.281251 
0.270217 0.0759017 0.317315 0.281267 0.0552997 
0.243309 0.0624876 0.0852309 0.255346 0.353626 
0.489183 0.0416027 0.0715082 0.000757626 0.396949 
0.419771 0.0652545 0.297736 0.110426 0.106813 
0.505804 0.0747233 0.315671 0.0092029 0.0945987 
0.178042 0.277837 0.000828969 0.269211 0.274081 
0.261324 0.224616 0.345065 0.113221 0.0557738 
0.0553392 0.162247 0.244607 0.202946 0.334861 
0.301926 0.0623842 0.292538 0.115318 0.227834 
0.479973 0.0386955 0.161289 0.251282 0.0687601 
0.0109733 0.0601937 0.302799 0.177399 0.448635 
0.299001 0.18387 0.138599 0.0978902 0.28064 
0.316162 0.124618 0.122706 0.268523 0.167991 
0.0772287 0.184133 0.00876746 0.427449 0.302422 
0.516618 0.115673 0.28869 0.0622934 0.0167256 
0.0475248 0.22489 0.145813 0.247152 0.33462 
0.127095 0.112135 0.0972843 0.592691 0.0707953 
0.0440802 0.00386039 0.0732732 0.369902 0.508885 
0.0239509 0.353632 0.392413 0.0574175 0.172587 
0.249806 0.062904 0.024012 0.211086 0.452191 
0.0152481 0.117141 0.195641 0.532301 0.139669 
0.305257 0.0911639 0.37113 0.0710479 0.161401 
0.0244094 0.12342 0.306987 0.00351836 0.541665 
0.41215 0.273107 0.0706037 0.226149 0.0179905 
0.149644 0.471884 0.0772338 0.0096718 0.291567 
0.129628 0.446025 0.153503 0.113743 0.157101 
0.159801 0.00553005 0.11391 0.183888 0.53687 
0.27405 0.270763 0.0741783 0.329946 0.0510625 
0.249733 0.425567 0.00301425 0.165283 0.156402 
0.211034 0.422477 0.000603057 0.261058 0.104827 
0.00968633 0.380471 0.175853 0.236249 0.197741 
0.196841 0.298853 0.0488227 0.33074 0.124744 
0.0731093 0.0125622 0.473293 0.345959 0.0950768 
0.142515 0.0116467 0.0678208 0.678229 0.0997891 
0.11735 0.33064 0.283192 0.219999 0.0488193 
0.204795 0.323408 0.0388313 0.00237719 0.430588 
0.100374 0.162304 0.593879 0.0863834 0.0570592 
0.104054 0.581782 0.144279 0.00539954 0.164485 
0.0681044 0.182819 0.14795 0.406285 0.194841 
0.0431433 0.486973 0.0947017 0.0654244 0.309758 
0.177167 0.0553887 0.581584 0.0748225 0.111038 
0.486768 0.265022 0.19177 0.0415548 0.0148855 
0.185934 0.571174 0.0771942 0.0493511 0.116346 
0.192636 0.251794 0.0610396 0.205765 0.288765 
0.0708158 0.338628 0.1558 0.198581 0.236174 
0.14073 0.0212152 0.316553 0.464082 0.0574191 
0.185619 0.0290536 0.12995 0.0824617 0.572916 
0.0323885 0.619556 0.162072 0.121008 0.0649757 
0.0982421 0.259455 0.0800849 0.407797 0.15442 
0.113181 0.526064 0.229081 0.0722635 0.0594107 
0.0676636 0.0121239 0.309302 0.417992 0.192918 
0.391377 0.0638192 0.209342 0.236971 0.09849 
0.0359583 0.146854 0.0501703 0.240215 0.526802 
0.258127 0.269409 0.113687 0.0721291 0.286648 
0.31551 0.468438 0.145184 0.00149772 0.0693711 
0.402779 0.0457533 0.0310004 0.0232392 0.497229 
0.0523587 0.0529658 0.249634 0.276959 0.368083 
0.220207 0.00690056 0.0689947 0.519359 0.184539 
0.457974 0.0322493 0.00570245 0.473071 0.0310031 
0.312031 0.022452 0.284569 0.223523 0.157424 
0.370611 0.32037 0.13469 0.00399388 0.170335 
0.139965 0.263512 0.326416 0.260088 0.0100206 
0.191408 0.230468 0.304012 0.163018 0.111094 
0.0754135 0.101995 0.236696 0.546967 0.0389291 
0.102529 0.0872395 0.123166 0.0909078 0.596159 
0.0602907 0.158899 0.0858398 0.332726 0.362245 
0.29805 0.28079 0.359014 0.0213949 0.0407512 
0.350502 0.0399202 0.16729 0.218427 0.223861 
0.216648 0.0620793 0.313688 0.01272 0.394864 
0.0557901 0.430375 0.169548 0.195922 0.148364 
0.236913 0.0089786 0.418821 0.0265232 0.308765 
0.125736 0.0367265 0.496862 0.186692 0.153983 
0.157404 0.0668185 0.208758 0.106657 0.460363 
0.10948 0.336684 0.0932449 0.0757067 0.384884 
0.0973092 0.0218781 0.599384 0.249403 0.0320253 
0.450464 0.0877159 0.0978808 0.101842 0.262097 
0.348979 0.244087 0.0058973 0.0903422 0.310694 
0.435295 0.109461 0.0218764 0.392933 0.0404353 
0.0244939 0.0872 0.170164 0.469076 0.249066 
0.0440369 0.166374 0.28548 0.359651 0.144458 
0.141232 0.266889 0.0741172 0.32619 0.191571 
0.0148362 0.589021 0.165053 0.0724908 0.158599 
0.269049 0.105968 0.48534 0.0653147 0.0743281 
0.266016 0.0482945 0.160016 0.331412 0.194261 
0.571101 0.101657 0.0612439 0.0683849 0.197613 
0.0942598 0.120333 0.0983465 0.278079 0.408982 
0.159371 0.082451 0.474443 0.0837689 0.199966 
0.167094 0.0755888 0.40171 0.0516653 0.303942 
0.0869682 0.623247 0.00505336 0.218502 0.0662296 
0.583649 0.0788248 0.0828294 0.122979 0.131718 
0.117712 0.634805 0.0161398 0.0683574 0.162986 
0.000397827 0.394831 0.294287 0.0116696 0.298815 
0.113702 0.000193105 0.679333 0.119825 0.086947 
0.0818715 0.396867 0.352259 0.00124273 0.16776 
0.0876897 0.288976 0.345491 0.0196921 0.258151 
0.19827 0.00871195 0.14627 0.514743 0.132005 
0.342477 0.0476406 0.0570461 0.30274 0.250097 
0.267375 0.277264 0.433132 0.00632136 0.015907 
0.0589477 0.0477138 0.609239 0.00233787 0.281761 
0.0201634 0.414623 0.153463 0.00112952 0.410621 
0.503481 0.0701336 0.0279962 0.0549422 0.343447 
0.181662 0.159413 0.374048 0.0748482 0.210029 
0.206496 0.282539 0.177623 0.187031 0.14631 
0.0259591 0.00568783 0.478922 0.223617 0.265814 
0.384789 0.0185919 0.00463689 0.496292 0.0956897 
0.263652 0.268761 0.208063 0.166299 0.0932246 
0.0919751 0.340232 0.0277314 0.533965 0.00609642 
0.4056 0.162085 0.262937 0.157682 0.0116964 
0.556972 0.139759 0.0101985 0.219698 0.0733721 
0.0221653 0.133887 0.105894 0.591223 0.146831 
0.265825 0.126693 0.168286 0.359147 0.0800491 
0.108671 0.223609 0.502922 0.00587576 0.158922 
0.521582 0.0543854 0.210772 0.0605764 0.152685 
0.0542298 0.279591 0.0419875 0.318395 0.305797 
0.0864609 0.110084 0.328299 0.170469 0.304687 
0.134724 0.441526 0.237477 0.0169943 0.169278 
0.0692114 0.394934 0.0896626 0.18477 0.261422 
0.0587699 0.287273 0.0552937 0.224186 0.374478 
0.16745 0.0903514 0.125342 0.506208 0.110648 
0.249124 0.173446 0.267961 0.123676 0.185794 
0.114127 0.375723 0.495704 0.000677128 0.013769 
0.0146477 0.430288 0.2768 0.252719 0.0255458 
0.48902 0.0410392 0.426261 0.000952759 0.0427279 
0.18767 0.00889675 0.224501 0.230267 0.348665 
0.456919 0.301865 0.00196985 0.0395233 0.199722 
0.386879 0.0896887 0.111833 0.086311 0.325288 
0.182082 0.460759 0.153441 0.000940333 0.202778 
0.274971 0.194684 0.320739 0.061036 0.14857 
0.363128 0.271233 0.294271 0.0102142 0.0611547 
0.0505027 0.188811 0.509508 0.246847 0.00433207 
0.163086 0.211053 0.0603378 0.0785259 0.486997 
0.573702 0.0149774 0.0992013 0.253681 0.0584379 
0.566758 0.0584303 0.104752 0.00843309 0.261627 
0.0258464 0.118704 0.125103 0.0889506 0.641396 
0.0630684 0.125096 0.290182 0.301108 0.220545 
0.0259705 0.0203226 0.221202 0.221994 0.510511 
0.054159 0.430761 0.149718 0.145172 0.22019 
0.00817538 0.130526 0.578202 0.0104688 0.272628 
0.24741 0.0572506 0.341571 0.174407 0.179362 
0.0614283 0.337652 0.20414 0.069527 0.327253 
0.0588419 0.241659 0.0916593 0.53672 0.0711196 
0.059076 0.176658 0.168727 0.589363 0.00617689 
0.269901 0.32553 0.00785108 0.209701 0.187016 
0.0871814 0.111957 0.200237 0.279253 0.321372 
0.0685965 0.487837 0.0215165 0.404034 0.0180163 
0.490734 0.334747 0.135829 0.0363885 0.00230094 
0.0293371 0.472841 0.0104047 0.188556 0.298861 
0.236768 0.0409546 4.41159e-006 0.345571 0.376702 
0.384204 0.146942 0.143711 0.091276 0.233867 
0.0304169 0.151447 0.398194 0.257533 0.162409 
0.502224 0.175076 0.194922 0.000265961 0.127513 
0.0693846 0.341527 0.000852442 0.179836 0.4084 
0.326962 0.174937 0.0477922 0.0770273 0.373281 
0.251929 0.0248176 0.13037 0.311602 0.281281 
0.235164 0.00633792 0.401511 0.143621 0.213366 
0.290077 0.00330438 0.20894 0.107752 0.389926 
0.354016 0.136815 0.258217 0.0887538 0.162198 
0.170914 0.520022 0.0296882 0.192082 0.0872943 
0.239982 0.147076 0.267717 0.0778813 0.267344 
0.203645 0.302791 0.0482892 0.0857054 0.359569 
0.202147 0.15667 0.180023 0.0431278 0.418032 
0.0882812 0.214299 0.335482 0.00105076 0.360887 
0.22552 0.0915509 0.307326 0.142064 0.23354 
0.0434588 0.523822 0.274414 0.155636 0.00266977 
0.182774 0.112667 0.204732 0.434435 0.0653922 
0.0891343 0.0870899 0.32792 0.333075 0.162781 
0.360716 0.254064 0.0644728 0.32057 0.000178073 
0.203117 0.141992 0.104593 0.33659 0.213708 
0.142283 0.142859 0.0110302 0.0359922 0.667836 
0.242383 0.518696 0.0501374 0.063148 0.125636 
0.260602 0.350855 0.308747 0.0554341 0.0243621 
0.127975 0.0828038 0.290499 0.488131 0.0105908 
0.0686821 0.113093 0.0061083 0.29105 0.521066 
0.256335 0.204418 0.12008 0.263455 0.155711 
0.25162 0.360335 0.115493 0.137148 0.135404 
0.13052 0.0101892 0.0742349 0.525215 0.259841 
0.149069 0.667011 0.0625104 0.0651684 0.0562413 
0.236223 0.192587 0.425324 0.142781 0.00308459 
0.153084 0.410584 0.279681 0.154955 0.00169602 
0.0356085 0.0226367 0.142824 0.203213 0.595718 
0.0826042 0.469849 0.0940403 0.229901 0.123605 
0.300237 0.0134776 0.0368887 0.269665 0.379732 
0.0856082 0.00656554 0.47865 0.14461 0.284567 
0.171662 0.267192 0.265565 0.243165 0.0524165 
0.211853 0.325242 0.107586 0.229765 0.125553 
0.154482 0.108647 0.374102 0.300271 0.0624982 
0.218174 0.347718 0.12966 0.0833497 0.221098 
0.00932451 0.00755858 0.369937 0.246325 0.366855 
0.00112483 0.396771 0.336912 0.16307 0.102122 
0.132838 0.119013 0.315682 0.409893 0.0225729 
0.392235 0.0547665 0.397323 0.105695 0.0499804 
0.24774 0.0410796 0.0560249 0.636386 0.0187689 
0.0633205 0.329005 0.539393 0.0122661 0.0560157 
0.120169 0.159286 0.326254 0.113477 0.280814 
0.233229 0.0806777 0.407473 0.18446 0.0941601 
0.137164 0.391862 0.174324 0.280327 0.0163228 
0.066401 0.222695 0.275339 0.068893 0.366672 
0.207765 0.419631 0.0425584 0.0780323 0.252013 
0.226487 0.181078 0.0762977 0.0823245 0.433813 
0.29101 0.0100284 0.00530086 0.17054 0.523122 
0.117612 0.0569315 0.0620268 0.185587 0.577842 
0.343373 0.0495163 0.0345398 0.257972 0.314599 
0.153921 0.0708703 0.00117508 0.52219 0.251843 
0.0345185 0.193388 0.204398 0.310753 0.256943 
0.10524 0.266927 0.101666 0.258698 0.267468 
0.00726936 0.408242 0.215515 0.123166 0.245807 
0.0696288 0.212618 0.00820979 0.16196 0.547583 
0.273574 0.354806 0.21529 0.00383831 0.152492 
0.233185 0.177641 0.319151 0.268899 0.00112362 
0.0398619 0.243396 0.200359 0.241211 0.275171 
0.269519 0.349621 0.0317501 0.345305 0.00380374 
0.4431 0.00658312 0.234949 0.0790872 0.236281 
0.189497 0.480747 0.30433 0.0230272 0.00239851 
0.00303184 0.300525 0.301471 0.19177 0.203203 
0.0158866 0.0109155 0.0986922 0.661266 0.21324 
0.0920581 0.120714 0.129282 0.483954 0.173991 
0.139674 0.144023 0.114775 0.188949 0.412579 
0.00486349 0.408882 0.407914 0.0676992 0.110641 
0.0108425 0.0788684 0.368366 0.516358 0.0255646 
0.272887 0.0796349 0.000589336 0.530476 0.116413 
0.438411 0.015952 0.070028 0.0747325 0.400877 
0.0730721 0.139817 0.249024 0.416403 0.121684 
0.0649796 0.152241 0.348737 0.345767 0.0882752 
0.0431022 0.0110447 0.0213432 0.917198 0.00731238 
0.576558 0.0515869 0.0230227 0.142188 0.206644 
0.0905683 0.0729655 0.0468222 0.452431 0.337213 
0.513144 0.128737 0.079302 0.256005 0.0228121 
0.142007 0.0965659 0.214916 0.500415 0.0460961 
0.493828 0.00493143 0.277483 0.184944 0.0388135 
0.134702 0.275079 0.127876 0.427033 0.0353094 
0.39838 0.223245 0.0725581 0.0197325 0.286084 
0.00739641 0.39898 0.0668088 0.393043 0.133772 
0.164818 0.363534 0.223037 0.136515 0.112096 
0.348661 0.157479 0.19968 0.29335 0.000829897 
0.131287 0.40813 0.0515063 0.279155 0.129922 
0.248345 0.0773652 0.252525 0.277365 0.1444 
0.197293 0.222635 0.228465 0.0852779 0.266329 
0.423762 0.151467 0.134562 0.161786 0.128424 
0.016805 0.228593 0.254382 0.33122 0.169 
0.119862 0.22239 0.110592 0.111597 0.435559 
0.0120459 0.145247 0.346305 0.329639 0.166764 
0.256467 0.031396 0.139064 0.0209157 0.552158 
0.255598 0.0689979 0.102488 0.545898 0.0270192 
0.387543 0.401311 0.00096168 0.0519102 0.158274 
0.45174 0.255508 0.0275786 0.11441 0.150764 
0.147209 0.569056 0.178046 0.10327 0.00241866 
0.0269108 0.383175 0.0740388 0.030301 0.485574 
0.0145522 0.0716747 0.442918 0.338295 0.132561 
0.0404849 0.157432 0.379709 0.00646594 0.415908 
0.386908 0.060126 0.0109048 0.1841 0.357961 
0.078401 0.317009 0.23627 0.35245 0.0158703 
0.244553 0.0764545 0.201177 0.000494696 0.477321 
0.0885336 0.311645 0.069253 0.445996 0.0845719 
0.0176999 0.19933 0.11403 0.0998287 0.569111 
0.0875448 0.349679 0.311317 0.0598857 0.191574 
0.00561416 0.28331 0.562046 0.124062 0.0249684 
0.132206 0.208214 0.453106 0.146791 0.0596828 
0.496742 0.0524795 0.206424 0.189546 0.0548086 
0.286778 0.119873 0.235838 0.131812 0.2257 
0.048009 0.540304 0.0805981 0.0852068 0.245882 
0.249818 0.248316 0.162991 0.145969 0.192906 
0.171627 0.175719 0.288377 0.352287 0.0119897 
0.160713 0.0988893 0.0628721 0.349514 0.328012 
0.161895 0.0297687 0.534196 0.0349956 0.239144 
0.142904 0.243479 0.414099 0.0401143 0.159404 
0.199243 0.353804 0.00560856 0.370566 0.070779 
0.223524 0.254306 0.0604427 0.137799 0.323928 
0.334279 0.00270748 0.230959 0.307351 0.124703 
0.318708 0.0413939 0.374544 0.143158 0.122195 
0.192957 0.128725 0.248143 0.0895193 0.340656 
0.0160201 0.32311 0.298381 0.286797 0.0756922 
0.55373 0.255131 0.0268599 0.143835 0.0204439 
0.183207 0.37034 0.290273 0.0969259 0.0592541 
0.285523 0.488784 0.0040369 0.216079 0.00557689 
0.279456 0.558879 0.0538309 0.0371668 0.0706679 
0.230045 0.00354136 0.357859 0.256767 0.151787 
0.0744413 0.560022 0.19352 0.163317 0.00869845 
0.398232 0.0926746 0.0743456 0.427916 0.00683228 
0.135167 0.334944 0.0217638 0.0837913 0.424334 
0.42155 0.00161153 0.182636 0.275157 0.119046 
0.0561466 0.217271 0.196123 0.462859 0.0676002 
0.34286 0.181391 0.049984 0.0106173 0.415147 
0.318969 0.121835 0.0404567 0.484268 0.0344713 
0.0900714 0.353943 0.00336836 0.277915 0.274702 
0.0669817 0.394494 0.060747 0.281934 0.195843 
0.376389 0.286752 0.0819407 0.156509 0.0984094 
0.501833 0.0765045 0.0537316 0.255276 0.112655 
0.635955 0.0357566 0.244959 0.0102338 0.0730952 
0.00544453 0.324295 0.0712018 0.538108 0.0609507 
0.23242 0.160356 0.0396934 0.400553 0.166978 
0.00824341 0.549488 0.0224572 0.0941825 0.325629 
0.496424 0.00305012 0.0475395 0.393488 0.0594979 
0.233638 0.00369154 0.254831 0.319769 0.188071 
0.325751 0.0852501 0.262248 0.215183 0.111568 
0.242351 0.191384 0.0631232 0.262481 0.240662 
0.0599215 0.0587843 0.368552 0.448812 0.0639296 
0.00324043 0.232462 0.196372 0.1263 0.441626 
0.0538453 0.00670199 0.124479 0.423824 0.39115 
0.00569553 0.439161 0.344329 0.0494518 0.161363 
0.289191 0.100253 0.0447911 0.0608907 0.504874 
0.487232 0.115875 0.196051 0.0988427 0.101998 
0.00441718 0.330178 0.067868 0.339415 0.258122 
0.154182 0.339263 0.220814 0.088154 0.197587 
0.400355 0.0877018 0.488792 0.00141709 0.0217343 
0.401587 0.0983498 0.0724405 0.173518 0.254104 
0.277546 0.0599597 0.372374 0.0285839 0.261536 
0.131707 0.222968 0.242268 0.218572 0.184485 
0.00956238 0.151211 0.723975 0.057873 0.0573789 
0.128551 0.0948659 0.0900853 0.661706 0.0247914 
0.0892503 0.432629 0.0417857 0.00167667 0.434659 
0.255894 0.25589 0.0546994 0.190768 0.242748 
0.133503 0.297205 0.182054 0.297245 0.0899931 
0.101169 0.165236 0.282586 0.380375 0.0706336 
0.00899693 0.0578038 0.236556 0.260592 0.436051 
0.150414 0.0653522 0.287299 0.0828682 0.414067 
0.230241 0.0297397 0.0276525 0.0906727 0.621694 
0.201376 0.0137841 0.197878 0.432156 0.154806 
0.0687836 0.117239 0.532091 0.188922 0.0929655 
0.0763912 0.148832 0.719822 0.0391131 0.0158421 
0.355824 0.0574174 0.214604 0.371459 0.0006953 
0.0656616 0.278173 0.412979 0.241297 0.00188851 
0.327887 0.256931 0.0611514 0.00655792 0.347473 
0.200991 0.0495674 0.145632 0.160808 0.443002 
0.116666 0.102664 0.244401 0.276325 0.259945 
0.065866 0.175812 0.656665 0.0942811 0.00737557 
0.153871 0.0168295 0.222999 0.544033 0.0622672 
0.0740971 0.00682425 0.00589835 0.0973467 0.815834 
0.154012 0.177069 0.180605 0.219631 0.268682 
0.590106 0.148367 0.158438 0.0950862 0.00800314 
0.307573 0.307204 0.13016 0.126116 0.128948 
0.00303366 0.281703 0.126202 0.369231 0.21983 
0.296427 0.422609 0.139867 0.140491 0.00060546 
0.0899468 0.273303 0.0107485 0.389113 0.236888 
0.076404 0.40425 0.26303 0.00819046 0.248125 
0.196719 0.298298 0.124599 0.305659 0.0747241 
0.145532 0.0105163 0.283545 0.352961 0.207446 
0.204682 0.477556 0.0359335 0.112758 0.16907 
0.374934 0.01056 0.437932 0.00739983 0.169174 
0.355996 0.235682 0.0728499 0.0999453 0.235527 
0.298075 0.162299 0.0255245 0.200042 0.31406 
0.00870317 0.461365 0.0176306 0.336346 0.175956 
0.0191102 0.365756 0.159523 0.386507 0.0691036 
0.215685 0.114779 0.293394 0.278162 0.0979804 
0.123368 0.0645859 0.490433 0.302389 0.0192243 
0.369767 0.0883171 0.34081 0.178527 0.0225785 
0.428552 0.411736 0.0145599 0.0569836 0.0881682 
0.16903 0.229575 0.168066 0.153624 0.279704 
0.189964 0.0195914 0.161564 0.350391 0.278489 
0.00109539 0.10228 0.474345 0.220423 0.201856 
0.24287 0.0589908 0.332536 0.0910396 0.274563 
0.284245 0.232328 0.136851 0.32224 0.0243352 
0.0207427 0.367974 0.101245 0.248061 0.261978 
0.126915 0.204597 0.303987 0.158818 0.205683 
0.197487 0.257663 0.418797 0.0401281 0.0859246 
0.0322721 0.143021 0.606632 0.159587 0.0584875 
0.21068 0.152848 0.00061713 0.4759 0.159955 
0.206223 0.260078 0.169136 0.0138192 0.350744 
0.016327 0.102189 0.850566 0.0190614 0.0118575 
0.0219614 0.33381 0.461871 0.0989449 0.0834129 
0.0344279 0.247896 0.0735041 0.15915 0.485022 
0.159091 0.140414 0.320553 0.0252778 0.354664 
0.179196 0.0337204 0.0849997 0.322036 0.380048 
0.0834597 0.0320894 0.134274 0.549541 0.200636 
0.081716 0.0710484 0.263376 0.412185 0.171675 
0.273773 0.172333 0.0491566 0.0256634 0.479074 
0.305632 0.0868093 0.565821 0.0287261 0.0130116 
0.167824 0.112501 0.230184 0.169126 0.320365 
0.346706 0.141545 0.0748366 0.338756 0.0981558 
0.000691776 0.326496 0.301076 0.0656609 0.306075 
0.00455602 0.565372 0.206246 0.219462 0.00436402 
0.146843 0.0411701 0.116877 0.220712 0.474398 
0.643859 0.0924959 0.0806419 0.0966917 0.0863111 
0.74347 0.0945621 0.111909 0.0269856 0.0230738 
0.0525064 0.428974 0.0220613 0.477165 0.019294 
0.0522411 0.150338 0.00790159 0.406394 0.383125 
0.0264415 0.476159 0.222465 0.0617121 0.213222 
0.201095 0.281981 0.0638747 0.274097 0.178951 
0.375875 0.342156 0.005799 0.257852 0.0183174 
0.489096 0.0611326 0.127609 0.0192691 0.302893 
0.20149 0.354289 0.00485709 0.0533384 0.386026 
0.246996 0.00403191 0.357157 0.311924 0.0798909 
0.0282121 0.048506 0.713226 0.0859322 0.124124 
0.570181 0.0579184 0.230248 0.00375719 0.137895 
0.403065 0.296475 0.163333 0.0715151 0.0656122 
0.555383 0.115426 0.0300279 0.163856 0.135308 
0.0811685 0.455886 0.0244875 0.0627026 0.375755 
0.252562 0.117959 0.270061 0.00195942 0.357459 
0.0501257 0.134777 0.406705 0.198764 0.209628 
0.0855114 0.229171 0.362588 0.245824 0.0769064 
0.30925 0.399166 0.0550629 0.111976 0.124545 
0.000303555 0.279832 0.0748253 0.276543 0.368496 
0.330497 0.0527162 0.434532 0.171946 0.0103093 
0.450328 0.0745344 0.0171774 0.134179 0.323782 
0.366577 0.118455 0.397884 0.00788718 0.109197 
0.010392 0.552512 0.0214832 0.218333 0.19728 
0.377506 0.113128 0.0757222 0.279998 0.153646 
0.0043629 0.341709 0.000209756 0.288051 0.365668 
0.194366 0.0607709 0.253662 0.237164 0.254037 
0.186482 0.328516 0.0989314 0.00218881 0.383882 
0.00581998 0.33633 0.184209 0.00498625 0.468654 
0.153825 0.0589113 0.188395 0.390405 0.208463 
0.0797189 0.184862 0.216971 0.139446 0.379002 
0.0705627 0.167329 0.0679094 0.0605947 0.633604 
0.272564 0.400195 0.120026 0.0564694 0.150746 
0.272951 0.199285 0.0549123 0.398874 0.0739771 
0.178241 0.0676322 0.399225 0.213372 0.14153 
0.350564 0.319033 0.0519347 0.10555 0.172919 
0.0651514 0.189661 0.115771 0.370712 0.258705 
0.0805488 0.357881 0.144099 0.0209886 0.396483 
0.101101 0.54348 0.0199554 0.198689 0.136775 
0.116803 0.339437 0.355368 0.090944 0.0974478 
0.0500817 0.126459 0.0574691 0.316742 0.449248 
0.0131467 0.0475109 0.313351 0.280012 0.345979 
0.0536301 0.39456 0.123476 0.413431 0.0149026 
0.155611 0.299579 0.193474 0.0406401 0.310696 
0.0266876 0.462911 0.0826297 0.387375 0.0403974 
0.257249 0.0187044 0.0456282 0.450136 0.228282 
0.391277 0.0499124 0.000162417 0.349321 0.209326 
0.0243939 0.0755953 0.0664642 0.589981 0.243565 
0.00231431 0.342055 0.247391 0.172157 0.236084 
0.155748 0.19579 0.260635 0.313521 0.0743061 
0.188107 0.0860907 0.502582 0.0898635 0.133357 
0.150141 0.00269889 0.437 0.176155 0.234006 
0.235243 0.560439 0.116488 0.073597 0.0142334 
0.430474 0.185443 0.0663183 0.145081 0.172683 
0.432848 0.012192 0.0813942 0.356678 0.116888 
0.0769284 0.0554135 0.384265 0.179987 0.303407 
0.000119156 0.0630333 0.00981028 0.48274 0.444297 
0.012049 0.485679 0.0786695 0.27207 0.151532 
0.160767 0.576247 0.131108 0.0700602 0.061817 
0.549858 0.109476 0.155405 0.0102714 0.17499 
0.0983271 0.0716155 0.00231188 0.167381 0.660365 
0.120989 0.186692 0.107347 0.439308 0.145664 
0.228427 0.511377 0.0794334 0.162929 0.0178339 
0.32903 0.0429178 0.329027 0.286638 0.0123874 
0.13904 0.241805 0.33821 0.0730633 0.207883 
0.0286041 0.00297201 0.448555 0.0193504 0.500519 
0.000494169 0.0405665 0.63952 0.0556946 0.263725 
0.434208 0.478879 0.000421368 0.0273822 0.05911 
0.00432 0.059256 0.10307 0.524048 0.309307 
0.064836 0.276783 0.169898 0.0356365 0.452846 
0.23272 0.470121 0.0867736 0.00718791 0.203198 
0.0134117 0.156238 0.427008 0.0350753 0.368267 
0.296245 0.430125 0.00591676 0.0221322 0.245581 
0.237712 0.136971 0.41379 0.133944 0.0775823 
0.411488 0.0986714 0.25677 0.00605052 0.22702 
0.651156 0.0153149 0.0307389 0.228019 0.0747721 
0.123924 0.00539066 0.31219 0.1397 0.418796 
0.108404 0.352263 0.0433487 0.365973 0.130011 
0.0186191 0.215261 0.363001 0.0811817 0.321938 
0.00934452 0.0895807 0.0685228 0.417533 0.415019 
0.147185 0.166625 0.442074 0.0770719 0.167045 
0.0693161 0.0248699 0.28277 0.317292 0.305752 
0.325553 0.100277 0.408946 0.0969065 0.068318 
0.24217 0.388572 0.254569 0.0539813 0.0607076 
0.349413 0.210759 0.168582 0.225139 0.0461068 
0.211474 0.241397 0.372129 0.170318 0.00468268 
0.491383 0.170342 0.0694486 0.163032 0.105795 
0.0201513 0.327709 0.0222995 0.02184 0.608 
0.28734 0.0812381 0.00294478 0.286429 0.342047 
0.11193 0.225594 0.380625 0.145375 0.136475 
0.14859 0.470016 0.0812315 0.167827 0.132335 
0.0119033 0.442428 0.181299 0.0363319 0.328038 
0.399276 0.0687467 0.175261 0.324541 0.0321757 
0.222697 0.236185 0.111665 0.223242 0.206211 
0.0602049 0.49915 0.226248 0.159012 0.0553852 
0.236874 0.183992 0.25037 0.188625 0.140139 
0.302026 0.0361405 0.137201 0.145059 0.379574 
0.180474 0.186982 0.00406506 0.308248 0.32023 
